6.147059 0.000000
7.147059 1.546392
8.147059 1.571429
9.147059 2.142857
10.147059 2.668810
11.147059 3.357558
12.147059 4.241071
13.147059 4.874875
14.147059 5.249004
15.147059 5.966201
16.147059 6.332870
17.147059 7.065327
18.147059 7.951252
19.147059 8.735415
20.147059 10.161124
21.147059 10.531722
22.147059 11.051945
23.147059 11.422954
24.147059 11.601479
25.147059 12.117670
26.147059 12.649169
27.147059 13.358326
28.147059 14.211685
29.147059 15.311917
30.147059 17.176505
31.147059 19.465598
32.147059 21.308845
33.147059 23.565174
34.147059 27.717936
35.147059 33.543281
36.147059 41.762523
37.147059 48.657178
38.147059 54.326996
39.147059 59.090909
40.147059 62.251407
41.147059 65.811088
42.147059 67.872093
43.147059 68.120978
44.147059 68.255659
45.147059 69.042146
46.147059 69.600000
47.147059 72.384106
48.147059 72.761194
49.147059 75.000000
50.147059 77.222222
51.147059 80.800000
52.147059 82.857143
53.147059 86.000000
54.147059 80.000000
