# Created by Octave 3.4.3, Fri Sep 07 05:21:36 2012 MDT <root@cuadradito.newmexicoconsortium.org>
# name: rg_p
# type: matrix
# rows: 2592
# columns: 6
 5 5 0.1 0.01 1 3
 5 5 0.1 0.01 1 8
 5 5 0.1 0.01 1 13
 5 5 0.1 0.01 1 18
 5 5 0.1 0.01 1 23
 5 5 0.1 0.01 1 100
 5 5 0.1 0.06 1 3
 5 5 0.1 0.06 1 8
 5 5 0.1 0.06 1 13
 5 5 0.1 0.06 1 18
 5 5 0.1 0.06 1 23
 5 5 0.1 0.06 1 100
 5 5 0.1 0.11 1 3
 5 5 0.1 0.11 1 8
 5 5 0.1 0.11 1 13
 5 5 0.1 0.11 1 18
 5 5 0.1 0.11 1 23
 5 5 0.1 0.11 1 100
 5 5 0.1 0.16 1 3
 5 5 0.1 0.16 1 8
 5 5 0.1 0.16 1 13
 5 5 0.1 0.16 1 18
 5 5 0.1 0.16 1 23
 5 5 0.1 0.16 1 100
 5 5 0.15 0.01 1 3
 5 5 0.15 0.01 1 8
 5 5 0.15 0.01 1 13
 5 5 0.15 0.01 1 18
 5 5 0.15 0.01 1 23
 5 5 0.15 0.01 1 100
 5 5 0.15 0.06 1 3
 5 5 0.15 0.06 1 8
 5 5 0.15 0.06 1 13
 5 5 0.15 0.06 1 18
 5 5 0.15 0.06 1 23
 5 5 0.15 0.06 1 100
 5 5 0.15 0.11 1 3
 5 5 0.15 0.11 1 8
 5 5 0.15 0.11 1 13
 5 5 0.15 0.11 1 18
 5 5 0.15 0.11 1 23
 5 5 0.15 0.11 1 100
 5 5 0.15 0.16 1 3
 5 5 0.15 0.16 1 8
 5 5 0.15 0.16 1 13
 5 5 0.15 0.16 1 18
 5 5 0.15 0.16 1 23
 5 5 0.15 0.16 1 100
 5 5 0.2 0.01 1 3
 5 5 0.2 0.01 1 8
 5 5 0.2 0.01 1 13
 5 5 0.2 0.01 1 18
 5 5 0.2 0.01 1 23
 5 5 0.2 0.01 1 100
 5 5 0.2 0.06 1 3
 5 5 0.2 0.06 1 8
 5 5 0.2 0.06 1 13
 5 5 0.2 0.06 1 18
 5 5 0.2 0.06 1 23
 5 5 0.2 0.06 1 100
 5 5 0.2 0.11 1 3
 5 5 0.2 0.11 1 8
 5 5 0.2 0.11 1 13
 5 5 0.2 0.11 1 18
 5 5 0.2 0.11 1 23
 5 5 0.2 0.11 1 100
 5 5 0.2 0.16 1 3
 5 5 0.2 0.16 1 8
 5 5 0.2 0.16 1 13
 5 5 0.2 0.16 1 18
 5 5 0.2 0.16 1 23
 5 5 0.2 0.16 1 100
 5 10 0.1 0.01 1 3
 5 10 0.1 0.01 1 8
 5 10 0.1 0.01 1 13
 5 10 0.1 0.01 1 18
 5 10 0.1 0.01 1 23
 5 10 0.1 0.01 1 100
 5 10 0.1 0.06 1 3
 5 10 0.1 0.06 1 8
 5 10 0.1 0.06 1 13
 5 10 0.1 0.06 1 18
 5 10 0.1 0.06 1 23
 5 10 0.1 0.06 1 100
 5 10 0.1 0.11 1 3
 5 10 0.1 0.11 1 8
 5 10 0.1 0.11 1 13
 5 10 0.1 0.11 1 18
 5 10 0.1 0.11 1 23
 5 10 0.1 0.11 1 100
 5 10 0.1 0.16 1 3
 5 10 0.1 0.16 1 8
 5 10 0.1 0.16 1 13
 5 10 0.1 0.16 1 18
 5 10 0.1 0.16 1 23
 5 10 0.1 0.16 1 100
 5 10 0.15 0.01 1 3
 5 10 0.15 0.01 1 8
 5 10 0.15 0.01 1 13
 5 10 0.15 0.01 1 18
 5 10 0.15 0.01 1 23
 5 10 0.15 0.01 1 100
 5 10 0.15 0.06 1 3
 5 10 0.15 0.06 1 8
 5 10 0.15 0.06 1 13
 5 10 0.15 0.06 1 18
 5 10 0.15 0.06 1 23
 5 10 0.15 0.06 1 100
 5 10 0.15 0.11 1 3
 5 10 0.15 0.11 1 8
 5 10 0.15 0.11 1 13
 5 10 0.15 0.11 1 18
 5 10 0.15 0.11 1 23
 5 10 0.15 0.11 1 100
 5 10 0.15 0.16 1 3
 5 10 0.15 0.16 1 8
 5 10 0.15 0.16 1 13
 5 10 0.15 0.16 1 18
 5 10 0.15 0.16 1 23
 5 10 0.15 0.16 1 100
 5 10 0.2 0.01 1 3
 5 10 0.2 0.01 1 8
 5 10 0.2 0.01 1 13
 5 10 0.2 0.01 1 18
 5 10 0.2 0.01 1 23
 5 10 0.2 0.01 1 100
 5 10 0.2 0.06 1 3
 5 10 0.2 0.06 1 8
 5 10 0.2 0.06 1 13
 5 10 0.2 0.06 1 18
 5 10 0.2 0.06 1 23
 5 10 0.2 0.06 1 100
 5 10 0.2 0.11 1 3
 5 10 0.2 0.11 1 8
 5 10 0.2 0.11 1 13
 5 10 0.2 0.11 1 18
 5 10 0.2 0.11 1 23
 5 10 0.2 0.11 1 100
 5 10 0.2 0.16 1 3
 5 10 0.2 0.16 1 8
 5 10 0.2 0.16 1 13
 5 10 0.2 0.16 1 18
 5 10 0.2 0.16 1 23
 5 10 0.2 0.16 1 100
 5 15 0.1 0.01 1 3
 5 15 0.1 0.01 1 8
 5 15 0.1 0.01 1 13
 5 15 0.1 0.01 1 18
 5 15 0.1 0.01 1 23
 5 15 0.1 0.01 1 100
 5 15 0.1 0.06 1 3
 5 15 0.1 0.06 1 8
 5 15 0.1 0.06 1 13
 5 15 0.1 0.06 1 18
 5 15 0.1 0.06 1 23
 5 15 0.1 0.06 1 100
 5 15 0.1 0.11 1 3
 5 15 0.1 0.11 1 8
 5 15 0.1 0.11 1 13
 5 15 0.1 0.11 1 18
 5 15 0.1 0.11 1 23
 5 15 0.1 0.11 1 100
 5 15 0.1 0.16 1 3
 5 15 0.1 0.16 1 8
 5 15 0.1 0.16 1 13
 5 15 0.1 0.16 1 18
 5 15 0.1 0.16 1 23
 5 15 0.1 0.16 1 100
 5 15 0.15 0.01 1 3
 5 15 0.15 0.01 1 8
 5 15 0.15 0.01 1 13
 5 15 0.15 0.01 1 18
 5 15 0.15 0.01 1 23
 5 15 0.15 0.01 1 100
 5 15 0.15 0.06 1 3
 5 15 0.15 0.06 1 8
 5 15 0.15 0.06 1 13
 5 15 0.15 0.06 1 18
 5 15 0.15 0.06 1 23
 5 15 0.15 0.06 1 100
 5 15 0.15 0.11 1 3
 5 15 0.15 0.11 1 8
 5 15 0.15 0.11 1 13
 5 15 0.15 0.11 1 18
 5 15 0.15 0.11 1 23
 5 15 0.15 0.11 1 100
 5 15 0.15 0.16 1 3
 5 15 0.15 0.16 1 8
 5 15 0.15 0.16 1 13
 5 15 0.15 0.16 1 18
 5 15 0.15 0.16 1 23
 5 15 0.15 0.16 1 100
 5 15 0.2 0.01 1 3
 5 15 0.2 0.01 1 8
 5 15 0.2 0.01 1 13
 5 15 0.2 0.01 1 18
 5 15 0.2 0.01 1 23
 5 15 0.2 0.01 1 100
 5 15 0.2 0.06 1 3
 5 15 0.2 0.06 1 8
 5 15 0.2 0.06 1 13
 5 15 0.2 0.06 1 18
 5 15 0.2 0.06 1 23
 5 15 0.2 0.06 1 100
 5 15 0.2 0.11 1 3
 5 15 0.2 0.11 1 8
 5 15 0.2 0.11 1 13
 5 15 0.2 0.11 1 18
 5 15 0.2 0.11 1 23
 5 15 0.2 0.11 1 100
 5 15 0.2 0.16 1 3
 5 15 0.2 0.16 1 8
 5 15 0.2 0.16 1 13
 5 15 0.2 0.16 1 18
 5 15 0.2 0.16 1 23
 5 15 0.2 0.16 1 100
 5 20 0.1 0.01 1 3
 5 20 0.1 0.01 1 8
 5 20 0.1 0.01 1 13
 5 20 0.1 0.01 1 18
 5 20 0.1 0.01 1 23
 5 20 0.1 0.01 1 100
 5 20 0.1 0.06 1 3
 5 20 0.1 0.06 1 8
 5 20 0.1 0.06 1 13
 5 20 0.1 0.06 1 18
 5 20 0.1 0.06 1 23
 5 20 0.1 0.06 1 100
 5 20 0.1 0.11 1 3
 5 20 0.1 0.11 1 8
 5 20 0.1 0.11 1 13
 5 20 0.1 0.11 1 18
 5 20 0.1 0.11 1 23
 5 20 0.1 0.11 1 100
 5 20 0.1 0.16 1 3
 5 20 0.1 0.16 1 8
 5 20 0.1 0.16 1 13
 5 20 0.1 0.16 1 18
 5 20 0.1 0.16 1 23
 5 20 0.1 0.16 1 100
 5 20 0.15 0.01 1 3
 5 20 0.15 0.01 1 8
 5 20 0.15 0.01 1 13
 5 20 0.15 0.01 1 18
 5 20 0.15 0.01 1 23
 5 20 0.15 0.01 1 100
 5 20 0.15 0.06 1 3
 5 20 0.15 0.06 1 8
 5 20 0.15 0.06 1 13
 5 20 0.15 0.06 1 18
 5 20 0.15 0.06 1 23
 5 20 0.15 0.06 1 100
 5 20 0.15 0.11 1 3
 5 20 0.15 0.11 1 8
 5 20 0.15 0.11 1 13
 5 20 0.15 0.11 1 18
 5 20 0.15 0.11 1 23
 5 20 0.15 0.11 1 100
 5 20 0.15 0.16 1 3
 5 20 0.15 0.16 1 8
 5 20 0.15 0.16 1 13
 5 20 0.15 0.16 1 18
 5 20 0.15 0.16 1 23
 5 20 0.15 0.16 1 100
 5 20 0.2 0.01 1 3
 5 20 0.2 0.01 1 8
 5 20 0.2 0.01 1 13
 5 20 0.2 0.01 1 18
 5 20 0.2 0.01 1 23
 5 20 0.2 0.01 1 100
 5 20 0.2 0.06 1 3
 5 20 0.2 0.06 1 8
 5 20 0.2 0.06 1 13
 5 20 0.2 0.06 1 18
 5 20 0.2 0.06 1 23
 5 20 0.2 0.06 1 100
 5 20 0.2 0.11 1 3
 5 20 0.2 0.11 1 8
 5 20 0.2 0.11 1 13
 5 20 0.2 0.11 1 18
 5 20 0.2 0.11 1 23
 5 20 0.2 0.11 1 100
 5 20 0.2 0.16 1 3
 5 20 0.2 0.16 1 8
 5 20 0.2 0.16 1 13
 5 20 0.2 0.16 1 18
 5 20 0.2 0.16 1 23
 5 20 0.2 0.16 1 100
 5 25 0.1 0.01 1 3
 5 25 0.1 0.01 1 8
 5 25 0.1 0.01 1 13
 5 25 0.1 0.01 1 18
 5 25 0.1 0.01 1 23
 5 25 0.1 0.01 1 100
 5 25 0.1 0.06 1 3
 5 25 0.1 0.06 1 8
 5 25 0.1 0.06 1 13
 5 25 0.1 0.06 1 18
 5 25 0.1 0.06 1 23
 5 25 0.1 0.06 1 100
 5 25 0.1 0.11 1 3
 5 25 0.1 0.11 1 8
 5 25 0.1 0.11 1 13
 5 25 0.1 0.11 1 18
 5 25 0.1 0.11 1 23
 5 25 0.1 0.11 1 100
 5 25 0.1 0.16 1 3
 5 25 0.1 0.16 1 8
 5 25 0.1 0.16 1 13
 5 25 0.1 0.16 1 18
 5 25 0.1 0.16 1 23
 5 25 0.1 0.16 1 100
 5 25 0.15 0.01 1 3
 5 25 0.15 0.01 1 8
 5 25 0.15 0.01 1 13
 5 25 0.15 0.01 1 18
 5 25 0.15 0.01 1 23
 5 25 0.15 0.01 1 100
 5 25 0.15 0.06 1 3
 5 25 0.15 0.06 1 8
 5 25 0.15 0.06 1 13
 5 25 0.15 0.06 1 18
 5 25 0.15 0.06 1 23
 5 25 0.15 0.06 1 100
 5 25 0.15 0.11 1 3
 5 25 0.15 0.11 1 8
 5 25 0.15 0.11 1 13
 5 25 0.15 0.11 1 18
 5 25 0.15 0.11 1 23
 5 25 0.15 0.11 1 100
 5 25 0.15 0.16 1 3
 5 25 0.15 0.16 1 8
 5 25 0.15 0.16 1 13
 5 25 0.15 0.16 1 18
 5 25 0.15 0.16 1 23
 5 25 0.15 0.16 1 100
 5 25 0.2 0.01 1 3
 5 25 0.2 0.01 1 8
 5 25 0.2 0.01 1 13
 5 25 0.2 0.01 1 18
 5 25 0.2 0.01 1 23
 5 25 0.2 0.01 1 100
 5 25 0.2 0.06 1 3
 5 25 0.2 0.06 1 8
 5 25 0.2 0.06 1 13
 5 25 0.2 0.06 1 18
 5 25 0.2 0.06 1 23
 5 25 0.2 0.06 1 100
 5 25 0.2 0.11 1 3
 5 25 0.2 0.11 1 8
 5 25 0.2 0.11 1 13
 5 25 0.2 0.11 1 18
 5 25 0.2 0.11 1 23
 5 25 0.2 0.11 1 100
 5 25 0.2 0.16 1 3
 5 25 0.2 0.16 1 8
 5 25 0.2 0.16 1 13
 5 25 0.2 0.16 1 18
 5 25 0.2 0.16 1 23
 5 25 0.2 0.16 1 100
 5 30 0.1 0.01 1 3
 5 30 0.1 0.01 1 8
 5 30 0.1 0.01 1 13
 5 30 0.1 0.01 1 18
 5 30 0.1 0.01 1 23
 5 30 0.1 0.01 1 100
 5 30 0.1 0.06 1 3
 5 30 0.1 0.06 1 8
 5 30 0.1 0.06 1 13
 5 30 0.1 0.06 1 18
 5 30 0.1 0.06 1 23
 5 30 0.1 0.06 1 100
 5 30 0.1 0.11 1 3
 5 30 0.1 0.11 1 8
 5 30 0.1 0.11 1 13
 5 30 0.1 0.11 1 18
 5 30 0.1 0.11 1 23
 5 30 0.1 0.11 1 100
 5 30 0.1 0.16 1 3
 5 30 0.1 0.16 1 8
 5 30 0.1 0.16 1 13
 5 30 0.1 0.16 1 18
 5 30 0.1 0.16 1 23
 5 30 0.1 0.16 1 100
 5 30 0.15 0.01 1 3
 5 30 0.15 0.01 1 8
 5 30 0.15 0.01 1 13
 5 30 0.15 0.01 1 18
 5 30 0.15 0.01 1 23
 5 30 0.15 0.01 1 100
 5 30 0.15 0.06 1 3
 5 30 0.15 0.06 1 8
 5 30 0.15 0.06 1 13
 5 30 0.15 0.06 1 18
 5 30 0.15 0.06 1 23
 5 30 0.15 0.06 1 100
 5 30 0.15 0.11 1 3
 5 30 0.15 0.11 1 8
 5 30 0.15 0.11 1 13
 5 30 0.15 0.11 1 18
 5 30 0.15 0.11 1 23
 5 30 0.15 0.11 1 100
 5 30 0.15 0.16 1 3
 5 30 0.15 0.16 1 8
 5 30 0.15 0.16 1 13
 5 30 0.15 0.16 1 18
 5 30 0.15 0.16 1 23
 5 30 0.15 0.16 1 100
 5 30 0.2 0.01 1 3
 5 30 0.2 0.01 1 8
 5 30 0.2 0.01 1 13
 5 30 0.2 0.01 1 18
 5 30 0.2 0.01 1 23
 5 30 0.2 0.01 1 100
 5 30 0.2 0.06 1 3
 5 30 0.2 0.06 1 8
 5 30 0.2 0.06 1 13
 5 30 0.2 0.06 1 18
 5 30 0.2 0.06 1 23
 5 30 0.2 0.06 1 100
 5 30 0.2 0.11 1 3
 5 30 0.2 0.11 1 8
 5 30 0.2 0.11 1 13
 5 30 0.2 0.11 1 18
 5 30 0.2 0.11 1 23
 5 30 0.2 0.11 1 100
 5 30 0.2 0.16 1 3
 5 30 0.2 0.16 1 8
 5 30 0.2 0.16 1 13
 5 30 0.2 0.16 1 18
 5 30 0.2 0.16 1 23
 5 30 0.2 0.16 1 100
 10 5 0.1 0.01 1 3
 10 5 0.1 0.01 1 8
 10 5 0.1 0.01 1 13
 10 5 0.1 0.01 1 18
 10 5 0.1 0.01 1 23
 10 5 0.1 0.01 1 100
 10 5 0.1 0.06 1 3
 10 5 0.1 0.06 1 8
 10 5 0.1 0.06 1 13
 10 5 0.1 0.06 1 18
 10 5 0.1 0.06 1 23
 10 5 0.1 0.06 1 100
 10 5 0.1 0.11 1 3
 10 5 0.1 0.11 1 8
 10 5 0.1 0.11 1 13
 10 5 0.1 0.11 1 18
 10 5 0.1 0.11 1 23
 10 5 0.1 0.11 1 100
 10 5 0.1 0.16 1 3
 10 5 0.1 0.16 1 8
 10 5 0.1 0.16 1 13
 10 5 0.1 0.16 1 18
 10 5 0.1 0.16 1 23
 10 5 0.1 0.16 1 100
 10 5 0.15 0.01 1 3
 10 5 0.15 0.01 1 8
 10 5 0.15 0.01 1 13
 10 5 0.15 0.01 1 18
 10 5 0.15 0.01 1 23
 10 5 0.15 0.01 1 100
 10 5 0.15 0.06 1 3
 10 5 0.15 0.06 1 8
 10 5 0.15 0.06 1 13
 10 5 0.15 0.06 1 18
 10 5 0.15 0.06 1 23
 10 5 0.15 0.06 1 100
 10 5 0.15 0.11 1 3
 10 5 0.15 0.11 1 8
 10 5 0.15 0.11 1 13
 10 5 0.15 0.11 1 18
 10 5 0.15 0.11 1 23
 10 5 0.15 0.11 1 100
 10 5 0.15 0.16 1 3
 10 5 0.15 0.16 1 8
 10 5 0.15 0.16 1 13
 10 5 0.15 0.16 1 18
 10 5 0.15 0.16 1 23
 10 5 0.15 0.16 1 100
 10 5 0.2 0.01 1 3
 10 5 0.2 0.01 1 8
 10 5 0.2 0.01 1 13
 10 5 0.2 0.01 1 18
 10 5 0.2 0.01 1 23
 10 5 0.2 0.01 1 100
 10 5 0.2 0.06 1 3
 10 5 0.2 0.06 1 8
 10 5 0.2 0.06 1 13
 10 5 0.2 0.06 1 18
 10 5 0.2 0.06 1 23
 10 5 0.2 0.06 1 100
 10 5 0.2 0.11 1 3
 10 5 0.2 0.11 1 8
 10 5 0.2 0.11 1 13
 10 5 0.2 0.11 1 18
 10 5 0.2 0.11 1 23
 10 5 0.2 0.11 1 100
 10 5 0.2 0.16 1 3
 10 5 0.2 0.16 1 8
 10 5 0.2 0.16 1 13
 10 5 0.2 0.16 1 18
 10 5 0.2 0.16 1 23
 10 5 0.2 0.16 1 100
 10 10 0.1 0.01 1 3
 10 10 0.1 0.01 1 8
 10 10 0.1 0.01 1 13
 10 10 0.1 0.01 1 18
 10 10 0.1 0.01 1 23
 10 10 0.1 0.01 1 100
 10 10 0.1 0.06 1 3
 10 10 0.1 0.06 1 8
 10 10 0.1 0.06 1 13
 10 10 0.1 0.06 1 18
 10 10 0.1 0.06 1 23
 10 10 0.1 0.06 1 100
 10 10 0.1 0.11 1 3
 10 10 0.1 0.11 1 8
 10 10 0.1 0.11 1 13
 10 10 0.1 0.11 1 18
 10 10 0.1 0.11 1 23
 10 10 0.1 0.11 1 100
 10 10 0.1 0.16 1 3
 10 10 0.1 0.16 1 8
 10 10 0.1 0.16 1 13
 10 10 0.1 0.16 1 18
 10 10 0.1 0.16 1 23
 10 10 0.1 0.16 1 100
 10 10 0.15 0.01 1 3
 10 10 0.15 0.01 1 8
 10 10 0.15 0.01 1 13
 10 10 0.15 0.01 1 18
 10 10 0.15 0.01 1 23
 10 10 0.15 0.01 1 100
 10 10 0.15 0.06 1 3
 10 10 0.15 0.06 1 8
 10 10 0.15 0.06 1 13
 10 10 0.15 0.06 1 18
 10 10 0.15 0.06 1 23
 10 10 0.15 0.06 1 100
 10 10 0.15 0.11 1 3
 10 10 0.15 0.11 1 8
 10 10 0.15 0.11 1 13
 10 10 0.15 0.11 1 18
 10 10 0.15 0.11 1 23
 10 10 0.15 0.11 1 100
 10 10 0.15 0.16 1 3
 10 10 0.15 0.16 1 8
 10 10 0.15 0.16 1 13
 10 10 0.15 0.16 1 18
 10 10 0.15 0.16 1 23
 10 10 0.15 0.16 1 100
 10 10 0.2 0.01 1 3
 10 10 0.2 0.01 1 8
 10 10 0.2 0.01 1 13
 10 10 0.2 0.01 1 18
 10 10 0.2 0.01 1 23
 10 10 0.2 0.01 1 100
 10 10 0.2 0.06 1 3
 10 10 0.2 0.06 1 8
 10 10 0.2 0.06 1 13
 10 10 0.2 0.06 1 18
 10 10 0.2 0.06 1 23
 10 10 0.2 0.06 1 100
 10 10 0.2 0.11 1 3
 10 10 0.2 0.11 1 8
 10 10 0.2 0.11 1 13
 10 10 0.2 0.11 1 18
 10 10 0.2 0.11 1 23
 10 10 0.2 0.11 1 100
 10 10 0.2 0.16 1 3
 10 10 0.2 0.16 1 8
 10 10 0.2 0.16 1 13
 10 10 0.2 0.16 1 18
 10 10 0.2 0.16 1 23
 10 10 0.2 0.16 1 100
 10 15 0.1 0.01 1 3
 10 15 0.1 0.01 1 8
 10 15 0.1 0.01 1 13
 10 15 0.1 0.01 1 18
 10 15 0.1 0.01 1 23
 10 15 0.1 0.01 1 100
 10 15 0.1 0.06 1 3
 10 15 0.1 0.06 1 8
 10 15 0.1 0.06 1 13
 10 15 0.1 0.06 1 18
 10 15 0.1 0.06 1 23
 10 15 0.1 0.06 1 100
 10 15 0.1 0.11 1 3
 10 15 0.1 0.11 1 8
 10 15 0.1 0.11 1 13
 10 15 0.1 0.11 1 18
 10 15 0.1 0.11 1 23
 10 15 0.1 0.11 1 100
 10 15 0.1 0.16 1 3
 10 15 0.1 0.16 1 8
 10 15 0.1 0.16 1 13
 10 15 0.1 0.16 1 18
 10 15 0.1 0.16 1 23
 10 15 0.1 0.16 1 100
 10 15 0.15 0.01 1 3
 10 15 0.15 0.01 1 8
 10 15 0.15 0.01 1 13
 10 15 0.15 0.01 1 18
 10 15 0.15 0.01 1 23
 10 15 0.15 0.01 1 100
 10 15 0.15 0.06 1 3
 10 15 0.15 0.06 1 8
 10 15 0.15 0.06 1 13
 10 15 0.15 0.06 1 18
 10 15 0.15 0.06 1 23
 10 15 0.15 0.06 1 100
 10 15 0.15 0.11 1 3
 10 15 0.15 0.11 1 8
 10 15 0.15 0.11 1 13
 10 15 0.15 0.11 1 18
 10 15 0.15 0.11 1 23
 10 15 0.15 0.11 1 100
 10 15 0.15 0.16 1 3
 10 15 0.15 0.16 1 8
 10 15 0.15 0.16 1 13
 10 15 0.15 0.16 1 18
 10 15 0.15 0.16 1 23
 10 15 0.15 0.16 1 100
 10 15 0.2 0.01 1 3
 10 15 0.2 0.01 1 8
 10 15 0.2 0.01 1 13
 10 15 0.2 0.01 1 18
 10 15 0.2 0.01 1 23
 10 15 0.2 0.01 1 100
 10 15 0.2 0.06 1 3
 10 15 0.2 0.06 1 8
 10 15 0.2 0.06 1 13
 10 15 0.2 0.06 1 18
 10 15 0.2 0.06 1 23
 10 15 0.2 0.06 1 100
 10 15 0.2 0.11 1 3
 10 15 0.2 0.11 1 8
 10 15 0.2 0.11 1 13
 10 15 0.2 0.11 1 18
 10 15 0.2 0.11 1 23
 10 15 0.2 0.11 1 100
 10 15 0.2 0.16 1 3
 10 15 0.2 0.16 1 8
 10 15 0.2 0.16 1 13
 10 15 0.2 0.16 1 18
 10 15 0.2 0.16 1 23
 10 15 0.2 0.16 1 100
 10 20 0.1 0.01 1 3
 10 20 0.1 0.01 1 8
 10 20 0.1 0.01 1 13
 10 20 0.1 0.01 1 18
 10 20 0.1 0.01 1 23
 10 20 0.1 0.01 1 100
 10 20 0.1 0.06 1 3
 10 20 0.1 0.06 1 8
 10 20 0.1 0.06 1 13
 10 20 0.1 0.06 1 18
 10 20 0.1 0.06 1 23
 10 20 0.1 0.06 1 100
 10 20 0.1 0.11 1 3
 10 20 0.1 0.11 1 8
 10 20 0.1 0.11 1 13
 10 20 0.1 0.11 1 18
 10 20 0.1 0.11 1 23
 10 20 0.1 0.11 1 100
 10 20 0.1 0.16 1 3
 10 20 0.1 0.16 1 8
 10 20 0.1 0.16 1 13
 10 20 0.1 0.16 1 18
 10 20 0.1 0.16 1 23
 10 20 0.1 0.16 1 100
 10 20 0.15 0.01 1 3
 10 20 0.15 0.01 1 8
 10 20 0.15 0.01 1 13
 10 20 0.15 0.01 1 18
 10 20 0.15 0.01 1 23
 10 20 0.15 0.01 1 100
 10 20 0.15 0.06 1 3
 10 20 0.15 0.06 1 8
 10 20 0.15 0.06 1 13
 10 20 0.15 0.06 1 18
 10 20 0.15 0.06 1 23
 10 20 0.15 0.06 1 100
 10 20 0.15 0.11 1 3
 10 20 0.15 0.11 1 8
 10 20 0.15 0.11 1 13
 10 20 0.15 0.11 1 18
 10 20 0.15 0.11 1 23
 10 20 0.15 0.11 1 100
 10 20 0.15 0.16 1 3
 10 20 0.15 0.16 1 8
 10 20 0.15 0.16 1 13
 10 20 0.15 0.16 1 18
 10 20 0.15 0.16 1 23
 10 20 0.15 0.16 1 100
 10 20 0.2 0.01 1 3
 10 20 0.2 0.01 1 8
 10 20 0.2 0.01 1 13
 10 20 0.2 0.01 1 18
 10 20 0.2 0.01 1 23
 10 20 0.2 0.01 1 100
 10 20 0.2 0.06 1 3
 10 20 0.2 0.06 1 8
 10 20 0.2 0.06 1 13
 10 20 0.2 0.06 1 18
 10 20 0.2 0.06 1 23
 10 20 0.2 0.06 1 100
 10 20 0.2 0.11 1 3
 10 20 0.2 0.11 1 8
 10 20 0.2 0.11 1 13
 10 20 0.2 0.11 1 18
 10 20 0.2 0.11 1 23
 10 20 0.2 0.11 1 100
 10 20 0.2 0.16 1 3
 10 20 0.2 0.16 1 8
 10 20 0.2 0.16 1 13
 10 20 0.2 0.16 1 18
 10 20 0.2 0.16 1 23
 10 20 0.2 0.16 1 100
 10 25 0.1 0.01 1 3
 10 25 0.1 0.01 1 8
 10 25 0.1 0.01 1 13
 10 25 0.1 0.01 1 18
 10 25 0.1 0.01 1 23
 10 25 0.1 0.01 1 100
 10 25 0.1 0.06 1 3
 10 25 0.1 0.06 1 8
 10 25 0.1 0.06 1 13
 10 25 0.1 0.06 1 18
 10 25 0.1 0.06 1 23
 10 25 0.1 0.06 1 100
 10 25 0.1 0.11 1 3
 10 25 0.1 0.11 1 8
 10 25 0.1 0.11 1 13
 10 25 0.1 0.11 1 18
 10 25 0.1 0.11 1 23
 10 25 0.1 0.11 1 100
 10 25 0.1 0.16 1 3
 10 25 0.1 0.16 1 8
 10 25 0.1 0.16 1 13
 10 25 0.1 0.16 1 18
 10 25 0.1 0.16 1 23
 10 25 0.1 0.16 1 100
 10 25 0.15 0.01 1 3
 10 25 0.15 0.01 1 8
 10 25 0.15 0.01 1 13
 10 25 0.15 0.01 1 18
 10 25 0.15 0.01 1 23
 10 25 0.15 0.01 1 100
 10 25 0.15 0.06 1 3
 10 25 0.15 0.06 1 8
 10 25 0.15 0.06 1 13
 10 25 0.15 0.06 1 18
 10 25 0.15 0.06 1 23
 10 25 0.15 0.06 1 100
 10 25 0.15 0.11 1 3
 10 25 0.15 0.11 1 8
 10 25 0.15 0.11 1 13
 10 25 0.15 0.11 1 18
 10 25 0.15 0.11 1 23
 10 25 0.15 0.11 1 100
 10 25 0.15 0.16 1 3
 10 25 0.15 0.16 1 8
 10 25 0.15 0.16 1 13
 10 25 0.15 0.16 1 18
 10 25 0.15 0.16 1 23
 10 25 0.15 0.16 1 100
 10 25 0.2 0.01 1 3
 10 25 0.2 0.01 1 8
 10 25 0.2 0.01 1 13
 10 25 0.2 0.01 1 18
 10 25 0.2 0.01 1 23
 10 25 0.2 0.01 1 100
 10 25 0.2 0.06 1 3
 10 25 0.2 0.06 1 8
 10 25 0.2 0.06 1 13
 10 25 0.2 0.06 1 18
 10 25 0.2 0.06 1 23
 10 25 0.2 0.06 1 100
 10 25 0.2 0.11 1 3
 10 25 0.2 0.11 1 8
 10 25 0.2 0.11 1 13
 10 25 0.2 0.11 1 18
 10 25 0.2 0.11 1 23
 10 25 0.2 0.11 1 100
 10 25 0.2 0.16 1 3
 10 25 0.2 0.16 1 8
 10 25 0.2 0.16 1 13
 10 25 0.2 0.16 1 18
 10 25 0.2 0.16 1 23
 10 25 0.2 0.16 1 100
 10 30 0.1 0.01 1 3
 10 30 0.1 0.01 1 8
 10 30 0.1 0.01 1 13
 10 30 0.1 0.01 1 18
 10 30 0.1 0.01 1 23
 10 30 0.1 0.01 1 100
 10 30 0.1 0.06 1 3
 10 30 0.1 0.06 1 8
 10 30 0.1 0.06 1 13
 10 30 0.1 0.06 1 18
 10 30 0.1 0.06 1 23
 10 30 0.1 0.06 1 100
 10 30 0.1 0.11 1 3
 10 30 0.1 0.11 1 8
 10 30 0.1 0.11 1 13
 10 30 0.1 0.11 1 18
 10 30 0.1 0.11 1 23
 10 30 0.1 0.11 1 100
 10 30 0.1 0.16 1 3
 10 30 0.1 0.16 1 8
 10 30 0.1 0.16 1 13
 10 30 0.1 0.16 1 18
 10 30 0.1 0.16 1 23
 10 30 0.1 0.16 1 100
 10 30 0.15 0.01 1 3
 10 30 0.15 0.01 1 8
 10 30 0.15 0.01 1 13
 10 30 0.15 0.01 1 18
 10 30 0.15 0.01 1 23
 10 30 0.15 0.01 1 100
 10 30 0.15 0.06 1 3
 10 30 0.15 0.06 1 8
 10 30 0.15 0.06 1 13
 10 30 0.15 0.06 1 18
 10 30 0.15 0.06 1 23
 10 30 0.15 0.06 1 100
 10 30 0.15 0.11 1 3
 10 30 0.15 0.11 1 8
 10 30 0.15 0.11 1 13
 10 30 0.15 0.11 1 18
 10 30 0.15 0.11 1 23
 10 30 0.15 0.11 1 100
 10 30 0.15 0.16 1 3
 10 30 0.15 0.16 1 8
 10 30 0.15 0.16 1 13
 10 30 0.15 0.16 1 18
 10 30 0.15 0.16 1 23
 10 30 0.15 0.16 1 100
 10 30 0.2 0.01 1 3
 10 30 0.2 0.01 1 8
 10 30 0.2 0.01 1 13
 10 30 0.2 0.01 1 18
 10 30 0.2 0.01 1 23
 10 30 0.2 0.01 1 100
 10 30 0.2 0.06 1 3
 10 30 0.2 0.06 1 8
 10 30 0.2 0.06 1 13
 10 30 0.2 0.06 1 18
 10 30 0.2 0.06 1 23
 10 30 0.2 0.06 1 100
 10 30 0.2 0.11 1 3
 10 30 0.2 0.11 1 8
 10 30 0.2 0.11 1 13
 10 30 0.2 0.11 1 18
 10 30 0.2 0.11 1 23
 10 30 0.2 0.11 1 100
 10 30 0.2 0.16 1 3
 10 30 0.2 0.16 1 8
 10 30 0.2 0.16 1 13
 10 30 0.2 0.16 1 18
 10 30 0.2 0.16 1 23
 10 30 0.2 0.16 1 100
 15 5 0.1 0.01 1 3
 15 5 0.1 0.01 1 8
 15 5 0.1 0.01 1 13
 15 5 0.1 0.01 1 18
 15 5 0.1 0.01 1 23
 15 5 0.1 0.01 1 100
 15 5 0.1 0.06 1 3
 15 5 0.1 0.06 1 8
 15 5 0.1 0.06 1 13
 15 5 0.1 0.06 1 18
 15 5 0.1 0.06 1 23
 15 5 0.1 0.06 1 100
 15 5 0.1 0.11 1 3
 15 5 0.1 0.11 1 8
 15 5 0.1 0.11 1 13
 15 5 0.1 0.11 1 18
 15 5 0.1 0.11 1 23
 15 5 0.1 0.11 1 100
 15 5 0.1 0.16 1 3
 15 5 0.1 0.16 1 8
 15 5 0.1 0.16 1 13
 15 5 0.1 0.16 1 18
 15 5 0.1 0.16 1 23
 15 5 0.1 0.16 1 100
 15 5 0.15 0.01 1 3
 15 5 0.15 0.01 1 8
 15 5 0.15 0.01 1 13
 15 5 0.15 0.01 1 18
 15 5 0.15 0.01 1 23
 15 5 0.15 0.01 1 100
 15 5 0.15 0.06 1 3
 15 5 0.15 0.06 1 8
 15 5 0.15 0.06 1 13
 15 5 0.15 0.06 1 18
 15 5 0.15 0.06 1 23
 15 5 0.15 0.06 1 100
 15 5 0.15 0.11 1 3
 15 5 0.15 0.11 1 8
 15 5 0.15 0.11 1 13
 15 5 0.15 0.11 1 18
 15 5 0.15 0.11 1 23
 15 5 0.15 0.11 1 100
 15 5 0.15 0.16 1 3
 15 5 0.15 0.16 1 8
 15 5 0.15 0.16 1 13
 15 5 0.15 0.16 1 18
 15 5 0.15 0.16 1 23
 15 5 0.15 0.16 1 100
 15 5 0.2 0.01 1 3
 15 5 0.2 0.01 1 8
 15 5 0.2 0.01 1 13
 15 5 0.2 0.01 1 18
 15 5 0.2 0.01 1 23
 15 5 0.2 0.01 1 100
 15 5 0.2 0.06 1 3
 15 5 0.2 0.06 1 8
 15 5 0.2 0.06 1 13
 15 5 0.2 0.06 1 18
 15 5 0.2 0.06 1 23
 15 5 0.2 0.06 1 100
 15 5 0.2 0.11 1 3
 15 5 0.2 0.11 1 8
 15 5 0.2 0.11 1 13
 15 5 0.2 0.11 1 18
 15 5 0.2 0.11 1 23
 15 5 0.2 0.11 1 100
 15 5 0.2 0.16 1 3
 15 5 0.2 0.16 1 8
 15 5 0.2 0.16 1 13
 15 5 0.2 0.16 1 18
 15 5 0.2 0.16 1 23
 15 5 0.2 0.16 1 100
 15 10 0.1 0.01 1 3
 15 10 0.1 0.01 1 8
 15 10 0.1 0.01 1 13
 15 10 0.1 0.01 1 18
 15 10 0.1 0.01 1 23
 15 10 0.1 0.01 1 100
 15 10 0.1 0.06 1 3
 15 10 0.1 0.06 1 8
 15 10 0.1 0.06 1 13
 15 10 0.1 0.06 1 18
 15 10 0.1 0.06 1 23
 15 10 0.1 0.06 1 100
 15 10 0.1 0.11 1 3
 15 10 0.1 0.11 1 8
 15 10 0.1 0.11 1 13
 15 10 0.1 0.11 1 18
 15 10 0.1 0.11 1 23
 15 10 0.1 0.11 1 100
 15 10 0.1 0.16 1 3
 15 10 0.1 0.16 1 8
 15 10 0.1 0.16 1 13
 15 10 0.1 0.16 1 18
 15 10 0.1 0.16 1 23
 15 10 0.1 0.16 1 100
 15 10 0.15 0.01 1 3
 15 10 0.15 0.01 1 8
 15 10 0.15 0.01 1 13
 15 10 0.15 0.01 1 18
 15 10 0.15 0.01 1 23
 15 10 0.15 0.01 1 100
 15 10 0.15 0.06 1 3
 15 10 0.15 0.06 1 8
 15 10 0.15 0.06 1 13
 15 10 0.15 0.06 1 18
 15 10 0.15 0.06 1 23
 15 10 0.15 0.06 1 100
 15 10 0.15 0.11 1 3
 15 10 0.15 0.11 1 8
 15 10 0.15 0.11 1 13
 15 10 0.15 0.11 1 18
 15 10 0.15 0.11 1 23
 15 10 0.15 0.11 1 100
 15 10 0.15 0.16 1 3
 15 10 0.15 0.16 1 8
 15 10 0.15 0.16 1 13
 15 10 0.15 0.16 1 18
 15 10 0.15 0.16 1 23
 15 10 0.15 0.16 1 100
 15 10 0.2 0.01 1 3
 15 10 0.2 0.01 1 8
 15 10 0.2 0.01 1 13
 15 10 0.2 0.01 1 18
 15 10 0.2 0.01 1 23
 15 10 0.2 0.01 1 100
 15 10 0.2 0.06 1 3
 15 10 0.2 0.06 1 8
 15 10 0.2 0.06 1 13
 15 10 0.2 0.06 1 18
 15 10 0.2 0.06 1 23
 15 10 0.2 0.06 1 100
 15 10 0.2 0.11 1 3
 15 10 0.2 0.11 1 8
 15 10 0.2 0.11 1 13
 15 10 0.2 0.11 1 18
 15 10 0.2 0.11 1 23
 15 10 0.2 0.11 1 100
 15 10 0.2 0.16 1 3
 15 10 0.2 0.16 1 8
 15 10 0.2 0.16 1 13
 15 10 0.2 0.16 1 18
 15 10 0.2 0.16 1 23
 15 10 0.2 0.16 1 100
 15 15 0.1 0.01 1 3
 15 15 0.1 0.01 1 8
 15 15 0.1 0.01 1 13
 15 15 0.1 0.01 1 18
 15 15 0.1 0.01 1 23
 15 15 0.1 0.01 1 100
 15 15 0.1 0.06 1 3
 15 15 0.1 0.06 1 8
 15 15 0.1 0.06 1 13
 15 15 0.1 0.06 1 18
 15 15 0.1 0.06 1 23
 15 15 0.1 0.06 1 100
 15 15 0.1 0.11 1 3
 15 15 0.1 0.11 1 8
 15 15 0.1 0.11 1 13
 15 15 0.1 0.11 1 18
 15 15 0.1 0.11 1 23
 15 15 0.1 0.11 1 100
 15 15 0.1 0.16 1 3
 15 15 0.1 0.16 1 8
 15 15 0.1 0.16 1 13
 15 15 0.1 0.16 1 18
 15 15 0.1 0.16 1 23
 15 15 0.1 0.16 1 100
 15 15 0.15 0.01 1 3
 15 15 0.15 0.01 1 8
 15 15 0.15 0.01 1 13
 15 15 0.15 0.01 1 18
 15 15 0.15 0.01 1 23
 15 15 0.15 0.01 1 100
 15 15 0.15 0.06 1 3
 15 15 0.15 0.06 1 8
 15 15 0.15 0.06 1 13
 15 15 0.15 0.06 1 18
 15 15 0.15 0.06 1 23
 15 15 0.15 0.06 1 100
 15 15 0.15 0.11 1 3
 15 15 0.15 0.11 1 8
 15 15 0.15 0.11 1 13
 15 15 0.15 0.11 1 18
 15 15 0.15 0.11 1 23
 15 15 0.15 0.11 1 100
 15 15 0.15 0.16 1 3
 15 15 0.15 0.16 1 8
 15 15 0.15 0.16 1 13
 15 15 0.15 0.16 1 18
 15 15 0.15 0.16 1 23
 15 15 0.15 0.16 1 100
 15 15 0.2 0.01 1 3
 15 15 0.2 0.01 1 8
 15 15 0.2 0.01 1 13
 15 15 0.2 0.01 1 18
 15 15 0.2 0.01 1 23
 15 15 0.2 0.01 1 100
 15 15 0.2 0.06 1 3
 15 15 0.2 0.06 1 8
 15 15 0.2 0.06 1 13
 15 15 0.2 0.06 1 18
 15 15 0.2 0.06 1 23
 15 15 0.2 0.06 1 100
 15 15 0.2 0.11 1 3
 15 15 0.2 0.11 1 8
 15 15 0.2 0.11 1 13
 15 15 0.2 0.11 1 18
 15 15 0.2 0.11 1 23
 15 15 0.2 0.11 1 100
 15 15 0.2 0.16 1 3
 15 15 0.2 0.16 1 8
 15 15 0.2 0.16 1 13
 15 15 0.2 0.16 1 18
 15 15 0.2 0.16 1 23
 15 15 0.2 0.16 1 100
 15 20 0.1 0.01 1 3
 15 20 0.1 0.01 1 8
 15 20 0.1 0.01 1 13
 15 20 0.1 0.01 1 18
 15 20 0.1 0.01 1 23
 15 20 0.1 0.01 1 100
 15 20 0.1 0.06 1 3
 15 20 0.1 0.06 1 8
 15 20 0.1 0.06 1 13
 15 20 0.1 0.06 1 18
 15 20 0.1 0.06 1 23
 15 20 0.1 0.06 1 100
 15 20 0.1 0.11 1 3
 15 20 0.1 0.11 1 8
 15 20 0.1 0.11 1 13
 15 20 0.1 0.11 1 18
 15 20 0.1 0.11 1 23
 15 20 0.1 0.11 1 100
 15 20 0.1 0.16 1 3
 15 20 0.1 0.16 1 8
 15 20 0.1 0.16 1 13
 15 20 0.1 0.16 1 18
 15 20 0.1 0.16 1 23
 15 20 0.1 0.16 1 100
 15 20 0.15 0.01 1 3
 15 20 0.15 0.01 1 8
 15 20 0.15 0.01 1 13
 15 20 0.15 0.01 1 18
 15 20 0.15 0.01 1 23
 15 20 0.15 0.01 1 100
 15 20 0.15 0.06 1 3
 15 20 0.15 0.06 1 8
 15 20 0.15 0.06 1 13
 15 20 0.15 0.06 1 18
 15 20 0.15 0.06 1 23
 15 20 0.15 0.06 1 100
 15 20 0.15 0.11 1 3
 15 20 0.15 0.11 1 8
 15 20 0.15 0.11 1 13
 15 20 0.15 0.11 1 18
 15 20 0.15 0.11 1 23
 15 20 0.15 0.11 1 100
 15 20 0.15 0.16 1 3
 15 20 0.15 0.16 1 8
 15 20 0.15 0.16 1 13
 15 20 0.15 0.16 1 18
 15 20 0.15 0.16 1 23
 15 20 0.15 0.16 1 100
 15 20 0.2 0.01 1 3
 15 20 0.2 0.01 1 8
 15 20 0.2 0.01 1 13
 15 20 0.2 0.01 1 18
 15 20 0.2 0.01 1 23
 15 20 0.2 0.01 1 100
 15 20 0.2 0.06 1 3
 15 20 0.2 0.06 1 8
 15 20 0.2 0.06 1 13
 15 20 0.2 0.06 1 18
 15 20 0.2 0.06 1 23
 15 20 0.2 0.06 1 100
 15 20 0.2 0.11 1 3
 15 20 0.2 0.11 1 8
 15 20 0.2 0.11 1 13
 15 20 0.2 0.11 1 18
 15 20 0.2 0.11 1 23
 15 20 0.2 0.11 1 100
 15 20 0.2 0.16 1 3
 15 20 0.2 0.16 1 8
 15 20 0.2 0.16 1 13
 15 20 0.2 0.16 1 18
 15 20 0.2 0.16 1 23
 15 20 0.2 0.16 1 100
 15 25 0.1 0.01 1 3
 15 25 0.1 0.01 1 8
 15 25 0.1 0.01 1 13
 15 25 0.1 0.01 1 18
 15 25 0.1 0.01 1 23
 15 25 0.1 0.01 1 100
 15 25 0.1 0.06 1 3
 15 25 0.1 0.06 1 8
 15 25 0.1 0.06 1 13
 15 25 0.1 0.06 1 18
 15 25 0.1 0.06 1 23
 15 25 0.1 0.06 1 100
 15 25 0.1 0.11 1 3
 15 25 0.1 0.11 1 8
 15 25 0.1 0.11 1 13
 15 25 0.1 0.11 1 18
 15 25 0.1 0.11 1 23
 15 25 0.1 0.11 1 100
 15 25 0.1 0.16 1 3
 15 25 0.1 0.16 1 8
 15 25 0.1 0.16 1 13
 15 25 0.1 0.16 1 18
 15 25 0.1 0.16 1 23
 15 25 0.1 0.16 1 100
 15 25 0.15 0.01 1 3
 15 25 0.15 0.01 1 8
 15 25 0.15 0.01 1 13
 15 25 0.15 0.01 1 18
 15 25 0.15 0.01 1 23
 15 25 0.15 0.01 1 100
 15 25 0.15 0.06 1 3
 15 25 0.15 0.06 1 8
 15 25 0.15 0.06 1 13
 15 25 0.15 0.06 1 18
 15 25 0.15 0.06 1 23
 15 25 0.15 0.06 1 100
 15 25 0.15 0.11 1 3
 15 25 0.15 0.11 1 8
 15 25 0.15 0.11 1 13
 15 25 0.15 0.11 1 18
 15 25 0.15 0.11 1 23
 15 25 0.15 0.11 1 100
 15 25 0.15 0.16 1 3
 15 25 0.15 0.16 1 8
 15 25 0.15 0.16 1 13
 15 25 0.15 0.16 1 18
 15 25 0.15 0.16 1 23
 15 25 0.15 0.16 1 100
 15 25 0.2 0.01 1 3
 15 25 0.2 0.01 1 8
 15 25 0.2 0.01 1 13
 15 25 0.2 0.01 1 18
 15 25 0.2 0.01 1 23
 15 25 0.2 0.01 1 100
 15 25 0.2 0.06 1 3
 15 25 0.2 0.06 1 8
 15 25 0.2 0.06 1 13
 15 25 0.2 0.06 1 18
 15 25 0.2 0.06 1 23
 15 25 0.2 0.06 1 100
 15 25 0.2 0.11 1 3
 15 25 0.2 0.11 1 8
 15 25 0.2 0.11 1 13
 15 25 0.2 0.11 1 18
 15 25 0.2 0.11 1 23
 15 25 0.2 0.11 1 100
 15 25 0.2 0.16 1 3
 15 25 0.2 0.16 1 8
 15 25 0.2 0.16 1 13
 15 25 0.2 0.16 1 18
 15 25 0.2 0.16 1 23
 15 25 0.2 0.16 1 100
 15 30 0.1 0.01 1 3
 15 30 0.1 0.01 1 8
 15 30 0.1 0.01 1 13
 15 30 0.1 0.01 1 18
 15 30 0.1 0.01 1 23
 15 30 0.1 0.01 1 100
 15 30 0.1 0.06 1 3
 15 30 0.1 0.06 1 8
 15 30 0.1 0.06 1 13
 15 30 0.1 0.06 1 18
 15 30 0.1 0.06 1 23
 15 30 0.1 0.06 1 100
 15 30 0.1 0.11 1 3
 15 30 0.1 0.11 1 8
 15 30 0.1 0.11 1 13
 15 30 0.1 0.11 1 18
 15 30 0.1 0.11 1 23
 15 30 0.1 0.11 1 100
 15 30 0.1 0.16 1 3
 15 30 0.1 0.16 1 8
 15 30 0.1 0.16 1 13
 15 30 0.1 0.16 1 18
 15 30 0.1 0.16 1 23
 15 30 0.1 0.16 1 100
 15 30 0.15 0.01 1 3
 15 30 0.15 0.01 1 8
 15 30 0.15 0.01 1 13
 15 30 0.15 0.01 1 18
 15 30 0.15 0.01 1 23
 15 30 0.15 0.01 1 100
 15 30 0.15 0.06 1 3
 15 30 0.15 0.06 1 8
 15 30 0.15 0.06 1 13
 15 30 0.15 0.06 1 18
 15 30 0.15 0.06 1 23
 15 30 0.15 0.06 1 100
 15 30 0.15 0.11 1 3
 15 30 0.15 0.11 1 8
 15 30 0.15 0.11 1 13
 15 30 0.15 0.11 1 18
 15 30 0.15 0.11 1 23
 15 30 0.15 0.11 1 100
 15 30 0.15 0.16 1 3
 15 30 0.15 0.16 1 8
 15 30 0.15 0.16 1 13
 15 30 0.15 0.16 1 18
 15 30 0.15 0.16 1 23
 15 30 0.15 0.16 1 100
 15 30 0.2 0.01 1 3
 15 30 0.2 0.01 1 8
 15 30 0.2 0.01 1 13
 15 30 0.2 0.01 1 18
 15 30 0.2 0.01 1 23
 15 30 0.2 0.01 1 100
 15 30 0.2 0.06 1 3
 15 30 0.2 0.06 1 8
 15 30 0.2 0.06 1 13
 15 30 0.2 0.06 1 18
 15 30 0.2 0.06 1 23
 15 30 0.2 0.06 1 100
 15 30 0.2 0.11 1 3
 15 30 0.2 0.11 1 8
 15 30 0.2 0.11 1 13
 15 30 0.2 0.11 1 18
 15 30 0.2 0.11 1 23
 15 30 0.2 0.11 1 100
 15 30 0.2 0.16 1 3
 15 30 0.2 0.16 1 8
 15 30 0.2 0.16 1 13
 15 30 0.2 0.16 1 18
 15 30 0.2 0.16 1 23
 15 30 0.2 0.16 1 100
 20 5 0.1 0.01 1 3
 20 5 0.1 0.01 1 8
 20 5 0.1 0.01 1 13
 20 5 0.1 0.01 1 18
 20 5 0.1 0.01 1 23
 20 5 0.1 0.01 1 100
 20 5 0.1 0.06 1 3
 20 5 0.1 0.06 1 8
 20 5 0.1 0.06 1 13
 20 5 0.1 0.06 1 18
 20 5 0.1 0.06 1 23
 20 5 0.1 0.06 1 100
 20 5 0.1 0.11 1 3
 20 5 0.1 0.11 1 8
 20 5 0.1 0.11 1 13
 20 5 0.1 0.11 1 18
 20 5 0.1 0.11 1 23
 20 5 0.1 0.11 1 100
 20 5 0.1 0.16 1 3
 20 5 0.1 0.16 1 8
 20 5 0.1 0.16 1 13
 20 5 0.1 0.16 1 18
 20 5 0.1 0.16 1 23
 20 5 0.1 0.16 1 100
 20 5 0.15 0.01 1 3
 20 5 0.15 0.01 1 8
 20 5 0.15 0.01 1 13
 20 5 0.15 0.01 1 18
 20 5 0.15 0.01 1 23
 20 5 0.15 0.01 1 100
 20 5 0.15 0.06 1 3
 20 5 0.15 0.06 1 8
 20 5 0.15 0.06 1 13
 20 5 0.15 0.06 1 18
 20 5 0.15 0.06 1 23
 20 5 0.15 0.06 1 100
 20 5 0.15 0.11 1 3
 20 5 0.15 0.11 1 8
 20 5 0.15 0.11 1 13
 20 5 0.15 0.11 1 18
 20 5 0.15 0.11 1 23
 20 5 0.15 0.11 1 100
 20 5 0.15 0.16 1 3
 20 5 0.15 0.16 1 8
 20 5 0.15 0.16 1 13
 20 5 0.15 0.16 1 18
 20 5 0.15 0.16 1 23
 20 5 0.15 0.16 1 100
 20 5 0.2 0.01 1 3
 20 5 0.2 0.01 1 8
 20 5 0.2 0.01 1 13
 20 5 0.2 0.01 1 18
 20 5 0.2 0.01 1 23
 20 5 0.2 0.01 1 100
 20 5 0.2 0.06 1 3
 20 5 0.2 0.06 1 8
 20 5 0.2 0.06 1 13
 20 5 0.2 0.06 1 18
 20 5 0.2 0.06 1 23
 20 5 0.2 0.06 1 100
 20 5 0.2 0.11 1 3
 20 5 0.2 0.11 1 8
 20 5 0.2 0.11 1 13
 20 5 0.2 0.11 1 18
 20 5 0.2 0.11 1 23
 20 5 0.2 0.11 1 100
 20 5 0.2 0.16 1 3
 20 5 0.2 0.16 1 8
 20 5 0.2 0.16 1 13
 20 5 0.2 0.16 1 18
 20 5 0.2 0.16 1 23
 20 5 0.2 0.16 1 100
 20 10 0.1 0.01 1 3
 20 10 0.1 0.01 1 8
 20 10 0.1 0.01 1 13
 20 10 0.1 0.01 1 18
 20 10 0.1 0.01 1 23
 20 10 0.1 0.01 1 100
 20 10 0.1 0.06 1 3
 20 10 0.1 0.06 1 8
 20 10 0.1 0.06 1 13
 20 10 0.1 0.06 1 18
 20 10 0.1 0.06 1 23
 20 10 0.1 0.06 1 100
 20 10 0.1 0.11 1 3
 20 10 0.1 0.11 1 8
 20 10 0.1 0.11 1 13
 20 10 0.1 0.11 1 18
 20 10 0.1 0.11 1 23
 20 10 0.1 0.11 1 100
 20 10 0.1 0.16 1 3
 20 10 0.1 0.16 1 8
 20 10 0.1 0.16 1 13
 20 10 0.1 0.16 1 18
 20 10 0.1 0.16 1 23
 20 10 0.1 0.16 1 100
 20 10 0.15 0.01 1 3
 20 10 0.15 0.01 1 8
 20 10 0.15 0.01 1 13
 20 10 0.15 0.01 1 18
 20 10 0.15 0.01 1 23
 20 10 0.15 0.01 1 100
 20 10 0.15 0.06 1 3
 20 10 0.15 0.06 1 8
 20 10 0.15 0.06 1 13
 20 10 0.15 0.06 1 18
 20 10 0.15 0.06 1 23
 20 10 0.15 0.06 1 100
 20 10 0.15 0.11 1 3
 20 10 0.15 0.11 1 8
 20 10 0.15 0.11 1 13
 20 10 0.15 0.11 1 18
 20 10 0.15 0.11 1 23
 20 10 0.15 0.11 1 100
 20 10 0.15 0.16 1 3
 20 10 0.15 0.16 1 8
 20 10 0.15 0.16 1 13
 20 10 0.15 0.16 1 18
 20 10 0.15 0.16 1 23
 20 10 0.15 0.16 1 100
 20 10 0.2 0.01 1 3
 20 10 0.2 0.01 1 8
 20 10 0.2 0.01 1 13
 20 10 0.2 0.01 1 18
 20 10 0.2 0.01 1 23
 20 10 0.2 0.01 1 100
 20 10 0.2 0.06 1 3
 20 10 0.2 0.06 1 8
 20 10 0.2 0.06 1 13
 20 10 0.2 0.06 1 18
 20 10 0.2 0.06 1 23
 20 10 0.2 0.06 1 100
 20 10 0.2 0.11 1 3
 20 10 0.2 0.11 1 8
 20 10 0.2 0.11 1 13
 20 10 0.2 0.11 1 18
 20 10 0.2 0.11 1 23
 20 10 0.2 0.11 1 100
 20 10 0.2 0.16 1 3
 20 10 0.2 0.16 1 8
 20 10 0.2 0.16 1 13
 20 10 0.2 0.16 1 18
 20 10 0.2 0.16 1 23
 20 10 0.2 0.16 1 100
 20 15 0.1 0.01 1 3
 20 15 0.1 0.01 1 8
 20 15 0.1 0.01 1 13
 20 15 0.1 0.01 1 18
 20 15 0.1 0.01 1 23
 20 15 0.1 0.01 1 100
 20 15 0.1 0.06 1 3
 20 15 0.1 0.06 1 8
 20 15 0.1 0.06 1 13
 20 15 0.1 0.06 1 18
 20 15 0.1 0.06 1 23
 20 15 0.1 0.06 1 100
 20 15 0.1 0.11 1 3
 20 15 0.1 0.11 1 8
 20 15 0.1 0.11 1 13
 20 15 0.1 0.11 1 18
 20 15 0.1 0.11 1 23
 20 15 0.1 0.11 1 100
 20 15 0.1 0.16 1 3
 20 15 0.1 0.16 1 8
 20 15 0.1 0.16 1 13
 20 15 0.1 0.16 1 18
 20 15 0.1 0.16 1 23
 20 15 0.1 0.16 1 100
 20 15 0.15 0.01 1 3
 20 15 0.15 0.01 1 8
 20 15 0.15 0.01 1 13
 20 15 0.15 0.01 1 18
 20 15 0.15 0.01 1 23
 20 15 0.15 0.01 1 100
 20 15 0.15 0.06 1 3
 20 15 0.15 0.06 1 8
 20 15 0.15 0.06 1 13
 20 15 0.15 0.06 1 18
 20 15 0.15 0.06 1 23
 20 15 0.15 0.06 1 100
 20 15 0.15 0.11 1 3
 20 15 0.15 0.11 1 8
 20 15 0.15 0.11 1 13
 20 15 0.15 0.11 1 18
 20 15 0.15 0.11 1 23
 20 15 0.15 0.11 1 100
 20 15 0.15 0.16 1 3
 20 15 0.15 0.16 1 8
 20 15 0.15 0.16 1 13
 20 15 0.15 0.16 1 18
 20 15 0.15 0.16 1 23
 20 15 0.15 0.16 1 100
 20 15 0.2 0.01 1 3
 20 15 0.2 0.01 1 8
 20 15 0.2 0.01 1 13
 20 15 0.2 0.01 1 18
 20 15 0.2 0.01 1 23
 20 15 0.2 0.01 1 100
 20 15 0.2 0.06 1 3
 20 15 0.2 0.06 1 8
 20 15 0.2 0.06 1 13
 20 15 0.2 0.06 1 18
 20 15 0.2 0.06 1 23
 20 15 0.2 0.06 1 100
 20 15 0.2 0.11 1 3
 20 15 0.2 0.11 1 8
 20 15 0.2 0.11 1 13
 20 15 0.2 0.11 1 18
 20 15 0.2 0.11 1 23
 20 15 0.2 0.11 1 100
 20 15 0.2 0.16 1 3
 20 15 0.2 0.16 1 8
 20 15 0.2 0.16 1 13
 20 15 0.2 0.16 1 18
 20 15 0.2 0.16 1 23
 20 15 0.2 0.16 1 100
 20 20 0.1 0.01 1 3
 20 20 0.1 0.01 1 8
 20 20 0.1 0.01 1 13
 20 20 0.1 0.01 1 18
 20 20 0.1 0.01 1 23
 20 20 0.1 0.01 1 100
 20 20 0.1 0.06 1 3
 20 20 0.1 0.06 1 8
 20 20 0.1 0.06 1 13
 20 20 0.1 0.06 1 18
 20 20 0.1 0.06 1 23
 20 20 0.1 0.06 1 100
 20 20 0.1 0.11 1 3
 20 20 0.1 0.11 1 8
 20 20 0.1 0.11 1 13
 20 20 0.1 0.11 1 18
 20 20 0.1 0.11 1 23
 20 20 0.1 0.11 1 100
 20 20 0.1 0.16 1 3
 20 20 0.1 0.16 1 8
 20 20 0.1 0.16 1 13
 20 20 0.1 0.16 1 18
 20 20 0.1 0.16 1 23
 20 20 0.1 0.16 1 100
 20 20 0.15 0.01 1 3
 20 20 0.15 0.01 1 8
 20 20 0.15 0.01 1 13
 20 20 0.15 0.01 1 18
 20 20 0.15 0.01 1 23
 20 20 0.15 0.01 1 100
 20 20 0.15 0.06 1 3
 20 20 0.15 0.06 1 8
 20 20 0.15 0.06 1 13
 20 20 0.15 0.06 1 18
 20 20 0.15 0.06 1 23
 20 20 0.15 0.06 1 100
 20 20 0.15 0.11 1 3
 20 20 0.15 0.11 1 8
 20 20 0.15 0.11 1 13
 20 20 0.15 0.11 1 18
 20 20 0.15 0.11 1 23
 20 20 0.15 0.11 1 100
 20 20 0.15 0.16 1 3
 20 20 0.15 0.16 1 8
 20 20 0.15 0.16 1 13
 20 20 0.15 0.16 1 18
 20 20 0.15 0.16 1 23
 20 20 0.15 0.16 1 100
 20 20 0.2 0.01 1 3
 20 20 0.2 0.01 1 8
 20 20 0.2 0.01 1 13
 20 20 0.2 0.01 1 18
 20 20 0.2 0.01 1 23
 20 20 0.2 0.01 1 100
 20 20 0.2 0.06 1 3
 20 20 0.2 0.06 1 8
 20 20 0.2 0.06 1 13
 20 20 0.2 0.06 1 18
 20 20 0.2 0.06 1 23
 20 20 0.2 0.06 1 100
 20 20 0.2 0.11 1 3
 20 20 0.2 0.11 1 8
 20 20 0.2 0.11 1 13
 20 20 0.2 0.11 1 18
 20 20 0.2 0.11 1 23
 20 20 0.2 0.11 1 100
 20 20 0.2 0.16 1 3
 20 20 0.2 0.16 1 8
 20 20 0.2 0.16 1 13
 20 20 0.2 0.16 1 18
 20 20 0.2 0.16 1 23
 20 20 0.2 0.16 1 100
 20 25 0.1 0.01 1 3
 20 25 0.1 0.01 1 8
 20 25 0.1 0.01 1 13
 20 25 0.1 0.01 1 18
 20 25 0.1 0.01 1 23
 20 25 0.1 0.01 1 100
 20 25 0.1 0.06 1 3
 20 25 0.1 0.06 1 8
 20 25 0.1 0.06 1 13
 20 25 0.1 0.06 1 18
 20 25 0.1 0.06 1 23
 20 25 0.1 0.06 1 100
 20 25 0.1 0.11 1 3
 20 25 0.1 0.11 1 8
 20 25 0.1 0.11 1 13
 20 25 0.1 0.11 1 18
 20 25 0.1 0.11 1 23
 20 25 0.1 0.11 1 100
 20 25 0.1 0.16 1 3
 20 25 0.1 0.16 1 8
 20 25 0.1 0.16 1 13
 20 25 0.1 0.16 1 18
 20 25 0.1 0.16 1 23
 20 25 0.1 0.16 1 100
 20 25 0.15 0.01 1 3
 20 25 0.15 0.01 1 8
 20 25 0.15 0.01 1 13
 20 25 0.15 0.01 1 18
 20 25 0.15 0.01 1 23
 20 25 0.15 0.01 1 100
 20 25 0.15 0.06 1 3
 20 25 0.15 0.06 1 8
 20 25 0.15 0.06 1 13
 20 25 0.15 0.06 1 18
 20 25 0.15 0.06 1 23
 20 25 0.15 0.06 1 100
 20 25 0.15 0.11 1 3
 20 25 0.15 0.11 1 8
 20 25 0.15 0.11 1 13
 20 25 0.15 0.11 1 18
 20 25 0.15 0.11 1 23
 20 25 0.15 0.11 1 100
 20 25 0.15 0.16 1 3
 20 25 0.15 0.16 1 8
 20 25 0.15 0.16 1 13
 20 25 0.15 0.16 1 18
 20 25 0.15 0.16 1 23
 20 25 0.15 0.16 1 100
 20 25 0.2 0.01 1 3
 20 25 0.2 0.01 1 8
 20 25 0.2 0.01 1 13
 20 25 0.2 0.01 1 18
 20 25 0.2 0.01 1 23
 20 25 0.2 0.01 1 100
 20 25 0.2 0.06 1 3
 20 25 0.2 0.06 1 8
 20 25 0.2 0.06 1 13
 20 25 0.2 0.06 1 18
 20 25 0.2 0.06 1 23
 20 25 0.2 0.06 1 100
 20 25 0.2 0.11 1 3
 20 25 0.2 0.11 1 8
 20 25 0.2 0.11 1 13
 20 25 0.2 0.11 1 18
 20 25 0.2 0.11 1 23
 20 25 0.2 0.11 1 100
 20 25 0.2 0.16 1 3
 20 25 0.2 0.16 1 8
 20 25 0.2 0.16 1 13
 20 25 0.2 0.16 1 18
 20 25 0.2 0.16 1 23
 20 25 0.2 0.16 1 100
 20 30 0.1 0.01 1 3
 20 30 0.1 0.01 1 8
 20 30 0.1 0.01 1 13
 20 30 0.1 0.01 1 18
 20 30 0.1 0.01 1 23
 20 30 0.1 0.01 1 100
 20 30 0.1 0.06 1 3
 20 30 0.1 0.06 1 8
 20 30 0.1 0.06 1 13
 20 30 0.1 0.06 1 18
 20 30 0.1 0.06 1 23
 20 30 0.1 0.06 1 100
 20 30 0.1 0.11 1 3
 20 30 0.1 0.11 1 8
 20 30 0.1 0.11 1 13
 20 30 0.1 0.11 1 18
 20 30 0.1 0.11 1 23
 20 30 0.1 0.11 1 100
 20 30 0.1 0.16 1 3
 20 30 0.1 0.16 1 8
 20 30 0.1 0.16 1 13
 20 30 0.1 0.16 1 18
 20 30 0.1 0.16 1 23
 20 30 0.1 0.16 1 100
 20 30 0.15 0.01 1 3
 20 30 0.15 0.01 1 8
 20 30 0.15 0.01 1 13
 20 30 0.15 0.01 1 18
 20 30 0.15 0.01 1 23
 20 30 0.15 0.01 1 100
 20 30 0.15 0.06 1 3
 20 30 0.15 0.06 1 8
 20 30 0.15 0.06 1 13
 20 30 0.15 0.06 1 18
 20 30 0.15 0.06 1 23
 20 30 0.15 0.06 1 100
 20 30 0.15 0.11 1 3
 20 30 0.15 0.11 1 8
 20 30 0.15 0.11 1 13
 20 30 0.15 0.11 1 18
 20 30 0.15 0.11 1 23
 20 30 0.15 0.11 1 100
 20 30 0.15 0.16 1 3
 20 30 0.15 0.16 1 8
 20 30 0.15 0.16 1 13
 20 30 0.15 0.16 1 18
 20 30 0.15 0.16 1 23
 20 30 0.15 0.16 1 100
 20 30 0.2 0.01 1 3
 20 30 0.2 0.01 1 8
 20 30 0.2 0.01 1 13
 20 30 0.2 0.01 1 18
 20 30 0.2 0.01 1 23
 20 30 0.2 0.01 1 100
 20 30 0.2 0.06 1 3
 20 30 0.2 0.06 1 8
 20 30 0.2 0.06 1 13
 20 30 0.2 0.06 1 18
 20 30 0.2 0.06 1 23
 20 30 0.2 0.06 1 100
 20 30 0.2 0.11 1 3
 20 30 0.2 0.11 1 8
 20 30 0.2 0.11 1 13
 20 30 0.2 0.11 1 18
 20 30 0.2 0.11 1 23
 20 30 0.2 0.11 1 100
 20 30 0.2 0.16 1 3
 20 30 0.2 0.16 1 8
 20 30 0.2 0.16 1 13
 20 30 0.2 0.16 1 18
 20 30 0.2 0.16 1 23
 20 30 0.2 0.16 1 100
 25 5 0.1 0.01 1 3
 25 5 0.1 0.01 1 8
 25 5 0.1 0.01 1 13
 25 5 0.1 0.01 1 18
 25 5 0.1 0.01 1 23
 25 5 0.1 0.01 1 100
 25 5 0.1 0.06 1 3
 25 5 0.1 0.06 1 8
 25 5 0.1 0.06 1 13
 25 5 0.1 0.06 1 18
 25 5 0.1 0.06 1 23
 25 5 0.1 0.06 1 100
 25 5 0.1 0.11 1 3
 25 5 0.1 0.11 1 8
 25 5 0.1 0.11 1 13
 25 5 0.1 0.11 1 18
 25 5 0.1 0.11 1 23
 25 5 0.1 0.11 1 100
 25 5 0.1 0.16 1 3
 25 5 0.1 0.16 1 8
 25 5 0.1 0.16 1 13
 25 5 0.1 0.16 1 18
 25 5 0.1 0.16 1 23
 25 5 0.1 0.16 1 100
 25 5 0.15 0.01 1 3
 25 5 0.15 0.01 1 8
 25 5 0.15 0.01 1 13
 25 5 0.15 0.01 1 18
 25 5 0.15 0.01 1 23
 25 5 0.15 0.01 1 100
 25 5 0.15 0.06 1 3
 25 5 0.15 0.06 1 8
 25 5 0.15 0.06 1 13
 25 5 0.15 0.06 1 18
 25 5 0.15 0.06 1 23
 25 5 0.15 0.06 1 100
 25 5 0.15 0.11 1 3
 25 5 0.15 0.11 1 8
 25 5 0.15 0.11 1 13
 25 5 0.15 0.11 1 18
 25 5 0.15 0.11 1 23
 25 5 0.15 0.11 1 100
 25 5 0.15 0.16 1 3
 25 5 0.15 0.16 1 8
 25 5 0.15 0.16 1 13
 25 5 0.15 0.16 1 18
 25 5 0.15 0.16 1 23
 25 5 0.15 0.16 1 100
 25 5 0.2 0.01 1 3
 25 5 0.2 0.01 1 8
 25 5 0.2 0.01 1 13
 25 5 0.2 0.01 1 18
 25 5 0.2 0.01 1 23
 25 5 0.2 0.01 1 100
 25 5 0.2 0.06 1 3
 25 5 0.2 0.06 1 8
 25 5 0.2 0.06 1 13
 25 5 0.2 0.06 1 18
 25 5 0.2 0.06 1 23
 25 5 0.2 0.06 1 100
 25 5 0.2 0.11 1 3
 25 5 0.2 0.11 1 8
 25 5 0.2 0.11 1 13
 25 5 0.2 0.11 1 18
 25 5 0.2 0.11 1 23
 25 5 0.2 0.11 1 100
 25 5 0.2 0.16 1 3
 25 5 0.2 0.16 1 8
 25 5 0.2 0.16 1 13
 25 5 0.2 0.16 1 18
 25 5 0.2 0.16 1 23
 25 5 0.2 0.16 1 100
 25 10 0.1 0.01 1 3
 25 10 0.1 0.01 1 8
 25 10 0.1 0.01 1 13
 25 10 0.1 0.01 1 18
 25 10 0.1 0.01 1 23
 25 10 0.1 0.01 1 100
 25 10 0.1 0.06 1 3
 25 10 0.1 0.06 1 8
 25 10 0.1 0.06 1 13
 25 10 0.1 0.06 1 18
 25 10 0.1 0.06 1 23
 25 10 0.1 0.06 1 100
 25 10 0.1 0.11 1 3
 25 10 0.1 0.11 1 8
 25 10 0.1 0.11 1 13
 25 10 0.1 0.11 1 18
 25 10 0.1 0.11 1 23
 25 10 0.1 0.11 1 100
 25 10 0.1 0.16 1 3
 25 10 0.1 0.16 1 8
 25 10 0.1 0.16 1 13
 25 10 0.1 0.16 1 18
 25 10 0.1 0.16 1 23
 25 10 0.1 0.16 1 100
 25 10 0.15 0.01 1 3
 25 10 0.15 0.01 1 8
 25 10 0.15 0.01 1 13
 25 10 0.15 0.01 1 18
 25 10 0.15 0.01 1 23
 25 10 0.15 0.01 1 100
 25 10 0.15 0.06 1 3
 25 10 0.15 0.06 1 8
 25 10 0.15 0.06 1 13
 25 10 0.15 0.06 1 18
 25 10 0.15 0.06 1 23
 25 10 0.15 0.06 1 100
 25 10 0.15 0.11 1 3
 25 10 0.15 0.11 1 8
 25 10 0.15 0.11 1 13
 25 10 0.15 0.11 1 18
 25 10 0.15 0.11 1 23
 25 10 0.15 0.11 1 100
 25 10 0.15 0.16 1 3
 25 10 0.15 0.16 1 8
 25 10 0.15 0.16 1 13
 25 10 0.15 0.16 1 18
 25 10 0.15 0.16 1 23
 25 10 0.15 0.16 1 100
 25 10 0.2 0.01 1 3
 25 10 0.2 0.01 1 8
 25 10 0.2 0.01 1 13
 25 10 0.2 0.01 1 18
 25 10 0.2 0.01 1 23
 25 10 0.2 0.01 1 100
 25 10 0.2 0.06 1 3
 25 10 0.2 0.06 1 8
 25 10 0.2 0.06 1 13
 25 10 0.2 0.06 1 18
 25 10 0.2 0.06 1 23
 25 10 0.2 0.06 1 100
 25 10 0.2 0.11 1 3
 25 10 0.2 0.11 1 8
 25 10 0.2 0.11 1 13
 25 10 0.2 0.11 1 18
 25 10 0.2 0.11 1 23
 25 10 0.2 0.11 1 100
 25 10 0.2 0.16 1 3
 25 10 0.2 0.16 1 8
 25 10 0.2 0.16 1 13
 25 10 0.2 0.16 1 18
 25 10 0.2 0.16 1 23
 25 10 0.2 0.16 1 100
 25 15 0.1 0.01 1 3
 25 15 0.1 0.01 1 8
 25 15 0.1 0.01 1 13
 25 15 0.1 0.01 1 18
 25 15 0.1 0.01 1 23
 25 15 0.1 0.01 1 100
 25 15 0.1 0.06 1 3
 25 15 0.1 0.06 1 8
 25 15 0.1 0.06 1 13
 25 15 0.1 0.06 1 18
 25 15 0.1 0.06 1 23
 25 15 0.1 0.06 1 100
 25 15 0.1 0.11 1 3
 25 15 0.1 0.11 1 8
 25 15 0.1 0.11 1 13
 25 15 0.1 0.11 1 18
 25 15 0.1 0.11 1 23
 25 15 0.1 0.11 1 100
 25 15 0.1 0.16 1 3
 25 15 0.1 0.16 1 8
 25 15 0.1 0.16 1 13
 25 15 0.1 0.16 1 18
 25 15 0.1 0.16 1 23
 25 15 0.1 0.16 1 100
 25 15 0.15 0.01 1 3
 25 15 0.15 0.01 1 8
 25 15 0.15 0.01 1 13
 25 15 0.15 0.01 1 18
 25 15 0.15 0.01 1 23
 25 15 0.15 0.01 1 100
 25 15 0.15 0.06 1 3
 25 15 0.15 0.06 1 8
 25 15 0.15 0.06 1 13
 25 15 0.15 0.06 1 18
 25 15 0.15 0.06 1 23
 25 15 0.15 0.06 1 100
 25 15 0.15 0.11 1 3
 25 15 0.15 0.11 1 8
 25 15 0.15 0.11 1 13
 25 15 0.15 0.11 1 18
 25 15 0.15 0.11 1 23
 25 15 0.15 0.11 1 100
 25 15 0.15 0.16 1 3
 25 15 0.15 0.16 1 8
 25 15 0.15 0.16 1 13
 25 15 0.15 0.16 1 18
 25 15 0.15 0.16 1 23
 25 15 0.15 0.16 1 100
 25 15 0.2 0.01 1 3
 25 15 0.2 0.01 1 8
 25 15 0.2 0.01 1 13
 25 15 0.2 0.01 1 18
 25 15 0.2 0.01 1 23
 25 15 0.2 0.01 1 100
 25 15 0.2 0.06 1 3
 25 15 0.2 0.06 1 8
 25 15 0.2 0.06 1 13
 25 15 0.2 0.06 1 18
 25 15 0.2 0.06 1 23
 25 15 0.2 0.06 1 100
 25 15 0.2 0.11 1 3
 25 15 0.2 0.11 1 8
 25 15 0.2 0.11 1 13
 25 15 0.2 0.11 1 18
 25 15 0.2 0.11 1 23
 25 15 0.2 0.11 1 100
 25 15 0.2 0.16 1 3
 25 15 0.2 0.16 1 8
 25 15 0.2 0.16 1 13
 25 15 0.2 0.16 1 18
 25 15 0.2 0.16 1 23
 25 15 0.2 0.16 1 100
 25 20 0.1 0.01 1 3
 25 20 0.1 0.01 1 8
 25 20 0.1 0.01 1 13
 25 20 0.1 0.01 1 18
 25 20 0.1 0.01 1 23
 25 20 0.1 0.01 1 100
 25 20 0.1 0.06 1 3
 25 20 0.1 0.06 1 8
 25 20 0.1 0.06 1 13
 25 20 0.1 0.06 1 18
 25 20 0.1 0.06 1 23
 25 20 0.1 0.06 1 100
 25 20 0.1 0.11 1 3
 25 20 0.1 0.11 1 8
 25 20 0.1 0.11 1 13
 25 20 0.1 0.11 1 18
 25 20 0.1 0.11 1 23
 25 20 0.1 0.11 1 100
 25 20 0.1 0.16 1 3
 25 20 0.1 0.16 1 8
 25 20 0.1 0.16 1 13
 25 20 0.1 0.16 1 18
 25 20 0.1 0.16 1 23
 25 20 0.1 0.16 1 100
 25 20 0.15 0.01 1 3
 25 20 0.15 0.01 1 8
 25 20 0.15 0.01 1 13
 25 20 0.15 0.01 1 18
 25 20 0.15 0.01 1 23
 25 20 0.15 0.01 1 100
 25 20 0.15 0.06 1 3
 25 20 0.15 0.06 1 8
 25 20 0.15 0.06 1 13
 25 20 0.15 0.06 1 18
 25 20 0.15 0.06 1 23
 25 20 0.15 0.06 1 100
 25 20 0.15 0.11 1 3
 25 20 0.15 0.11 1 8
 25 20 0.15 0.11 1 13
 25 20 0.15 0.11 1 18
 25 20 0.15 0.11 1 23
 25 20 0.15 0.11 1 100
 25 20 0.15 0.16 1 3
 25 20 0.15 0.16 1 8
 25 20 0.15 0.16 1 13
 25 20 0.15 0.16 1 18
 25 20 0.15 0.16 1 23
 25 20 0.15 0.16 1 100
 25 20 0.2 0.01 1 3
 25 20 0.2 0.01 1 8
 25 20 0.2 0.01 1 13
 25 20 0.2 0.01 1 18
 25 20 0.2 0.01 1 23
 25 20 0.2 0.01 1 100
 25 20 0.2 0.06 1 3
 25 20 0.2 0.06 1 8
 25 20 0.2 0.06 1 13
 25 20 0.2 0.06 1 18
 25 20 0.2 0.06 1 23
 25 20 0.2 0.06 1 100
 25 20 0.2 0.11 1 3
 25 20 0.2 0.11 1 8
 25 20 0.2 0.11 1 13
 25 20 0.2 0.11 1 18
 25 20 0.2 0.11 1 23
 25 20 0.2 0.11 1 100
 25 20 0.2 0.16 1 3
 25 20 0.2 0.16 1 8
 25 20 0.2 0.16 1 13
 25 20 0.2 0.16 1 18
 25 20 0.2 0.16 1 23
 25 20 0.2 0.16 1 100
 25 25 0.1 0.01 1 3
 25 25 0.1 0.01 1 8
 25 25 0.1 0.01 1 13
 25 25 0.1 0.01 1 18
 25 25 0.1 0.01 1 23
 25 25 0.1 0.01 1 100
 25 25 0.1 0.06 1 3
 25 25 0.1 0.06 1 8
 25 25 0.1 0.06 1 13
 25 25 0.1 0.06 1 18
 25 25 0.1 0.06 1 23
 25 25 0.1 0.06 1 100
 25 25 0.1 0.11 1 3
 25 25 0.1 0.11 1 8
 25 25 0.1 0.11 1 13
 25 25 0.1 0.11 1 18
 25 25 0.1 0.11 1 23
 25 25 0.1 0.11 1 100
 25 25 0.1 0.16 1 3
 25 25 0.1 0.16 1 8
 25 25 0.1 0.16 1 13
 25 25 0.1 0.16 1 18
 25 25 0.1 0.16 1 23
 25 25 0.1 0.16 1 100
 25 25 0.15 0.01 1 3
 25 25 0.15 0.01 1 8
 25 25 0.15 0.01 1 13
 25 25 0.15 0.01 1 18
 25 25 0.15 0.01 1 23
 25 25 0.15 0.01 1 100
 25 25 0.15 0.06 1 3
 25 25 0.15 0.06 1 8
 25 25 0.15 0.06 1 13
 25 25 0.15 0.06 1 18
 25 25 0.15 0.06 1 23
 25 25 0.15 0.06 1 100
 25 25 0.15 0.11 1 3
 25 25 0.15 0.11 1 8
 25 25 0.15 0.11 1 13
 25 25 0.15 0.11 1 18
 25 25 0.15 0.11 1 23
 25 25 0.15 0.11 1 100
 25 25 0.15 0.16 1 3
 25 25 0.15 0.16 1 8
 25 25 0.15 0.16 1 13
 25 25 0.15 0.16 1 18
 25 25 0.15 0.16 1 23
 25 25 0.15 0.16 1 100
 25 25 0.2 0.01 1 3
 25 25 0.2 0.01 1 8
 25 25 0.2 0.01 1 13
 25 25 0.2 0.01 1 18
 25 25 0.2 0.01 1 23
 25 25 0.2 0.01 1 100
 25 25 0.2 0.06 1 3
 25 25 0.2 0.06 1 8
 25 25 0.2 0.06 1 13
 25 25 0.2 0.06 1 18
 25 25 0.2 0.06 1 23
 25 25 0.2 0.06 1 100
 25 25 0.2 0.11 1 3
 25 25 0.2 0.11 1 8
 25 25 0.2 0.11 1 13
 25 25 0.2 0.11 1 18
 25 25 0.2 0.11 1 23
 25 25 0.2 0.11 1 100
 25 25 0.2 0.16 1 3
 25 25 0.2 0.16 1 8
 25 25 0.2 0.16 1 13
 25 25 0.2 0.16 1 18
 25 25 0.2 0.16 1 23
 25 25 0.2 0.16 1 100
 25 30 0.1 0.01 1 3
 25 30 0.1 0.01 1 8
 25 30 0.1 0.01 1 13
 25 30 0.1 0.01 1 18
 25 30 0.1 0.01 1 23
 25 30 0.1 0.01 1 100
 25 30 0.1 0.06 1 3
 25 30 0.1 0.06 1 8
 25 30 0.1 0.06 1 13
 25 30 0.1 0.06 1 18
 25 30 0.1 0.06 1 23
 25 30 0.1 0.06 1 100
 25 30 0.1 0.11 1 3
 25 30 0.1 0.11 1 8
 25 30 0.1 0.11 1 13
 25 30 0.1 0.11 1 18
 25 30 0.1 0.11 1 23
 25 30 0.1 0.11 1 100
 25 30 0.1 0.16 1 3
 25 30 0.1 0.16 1 8
 25 30 0.1 0.16 1 13
 25 30 0.1 0.16 1 18
 25 30 0.1 0.16 1 23
 25 30 0.1 0.16 1 100
 25 30 0.15 0.01 1 3
 25 30 0.15 0.01 1 8
 25 30 0.15 0.01 1 13
 25 30 0.15 0.01 1 18
 25 30 0.15 0.01 1 23
 25 30 0.15 0.01 1 100
 25 30 0.15 0.06 1 3
 25 30 0.15 0.06 1 8
 25 30 0.15 0.06 1 13
 25 30 0.15 0.06 1 18
 25 30 0.15 0.06 1 23
 25 30 0.15 0.06 1 100
 25 30 0.15 0.11 1 3
 25 30 0.15 0.11 1 8
 25 30 0.15 0.11 1 13
 25 30 0.15 0.11 1 18
 25 30 0.15 0.11 1 23
 25 30 0.15 0.11 1 100
 25 30 0.15 0.16 1 3
 25 30 0.15 0.16 1 8
 25 30 0.15 0.16 1 13
 25 30 0.15 0.16 1 18
 25 30 0.15 0.16 1 23
 25 30 0.15 0.16 1 100
 25 30 0.2 0.01 1 3
 25 30 0.2 0.01 1 8
 25 30 0.2 0.01 1 13
 25 30 0.2 0.01 1 18
 25 30 0.2 0.01 1 23
 25 30 0.2 0.01 1 100
 25 30 0.2 0.06 1 3
 25 30 0.2 0.06 1 8
 25 30 0.2 0.06 1 13
 25 30 0.2 0.06 1 18
 25 30 0.2 0.06 1 23
 25 30 0.2 0.06 1 100
 25 30 0.2 0.11 1 3
 25 30 0.2 0.11 1 8
 25 30 0.2 0.11 1 13
 25 30 0.2 0.11 1 18
 25 30 0.2 0.11 1 23
 25 30 0.2 0.11 1 100
 25 30 0.2 0.16 1 3
 25 30 0.2 0.16 1 8
 25 30 0.2 0.16 1 13
 25 30 0.2 0.16 1 18
 25 30 0.2 0.16 1 23
 25 30 0.2 0.16 1 100
 30 5 0.1 0.01 1 3
 30 5 0.1 0.01 1 8
 30 5 0.1 0.01 1 13
 30 5 0.1 0.01 1 18
 30 5 0.1 0.01 1 23
 30 5 0.1 0.01 1 100
 30 5 0.1 0.06 1 3
 30 5 0.1 0.06 1 8
 30 5 0.1 0.06 1 13
 30 5 0.1 0.06 1 18
 30 5 0.1 0.06 1 23
 30 5 0.1 0.06 1 100
 30 5 0.1 0.11 1 3
 30 5 0.1 0.11 1 8
 30 5 0.1 0.11 1 13
 30 5 0.1 0.11 1 18
 30 5 0.1 0.11 1 23
 30 5 0.1 0.11 1 100
 30 5 0.1 0.16 1 3
 30 5 0.1 0.16 1 8
 30 5 0.1 0.16 1 13
 30 5 0.1 0.16 1 18
 30 5 0.1 0.16 1 23
 30 5 0.1 0.16 1 100
 30 5 0.15 0.01 1 3
 30 5 0.15 0.01 1 8
 30 5 0.15 0.01 1 13
 30 5 0.15 0.01 1 18
 30 5 0.15 0.01 1 23
 30 5 0.15 0.01 1 100
 30 5 0.15 0.06 1 3
 30 5 0.15 0.06 1 8
 30 5 0.15 0.06 1 13
 30 5 0.15 0.06 1 18
 30 5 0.15 0.06 1 23
 30 5 0.15 0.06 1 100
 30 5 0.15 0.11 1 3
 30 5 0.15 0.11 1 8
 30 5 0.15 0.11 1 13
 30 5 0.15 0.11 1 18
 30 5 0.15 0.11 1 23
 30 5 0.15 0.11 1 100
 30 5 0.15 0.16 1 3
 30 5 0.15 0.16 1 8
 30 5 0.15 0.16 1 13
 30 5 0.15 0.16 1 18
 30 5 0.15 0.16 1 23
 30 5 0.15 0.16 1 100
 30 5 0.2 0.01 1 3
 30 5 0.2 0.01 1 8
 30 5 0.2 0.01 1 13
 30 5 0.2 0.01 1 18
 30 5 0.2 0.01 1 23
 30 5 0.2 0.01 1 100
 30 5 0.2 0.06 1 3
 30 5 0.2 0.06 1 8
 30 5 0.2 0.06 1 13
 30 5 0.2 0.06 1 18
 30 5 0.2 0.06 1 23
 30 5 0.2 0.06 1 100
 30 5 0.2 0.11 1 3
 30 5 0.2 0.11 1 8
 30 5 0.2 0.11 1 13
 30 5 0.2 0.11 1 18
 30 5 0.2 0.11 1 23
 30 5 0.2 0.11 1 100
 30 5 0.2 0.16 1 3
 30 5 0.2 0.16 1 8
 30 5 0.2 0.16 1 13
 30 5 0.2 0.16 1 18
 30 5 0.2 0.16 1 23
 30 5 0.2 0.16 1 100
 30 10 0.1 0.01 1 3
 30 10 0.1 0.01 1 8
 30 10 0.1 0.01 1 13
 30 10 0.1 0.01 1 18
 30 10 0.1 0.01 1 23
 30 10 0.1 0.01 1 100
 30 10 0.1 0.06 1 3
 30 10 0.1 0.06 1 8
 30 10 0.1 0.06 1 13
 30 10 0.1 0.06 1 18
 30 10 0.1 0.06 1 23
 30 10 0.1 0.06 1 100
 30 10 0.1 0.11 1 3
 30 10 0.1 0.11 1 8
 30 10 0.1 0.11 1 13
 30 10 0.1 0.11 1 18
 30 10 0.1 0.11 1 23
 30 10 0.1 0.11 1 100
 30 10 0.1 0.16 1 3
 30 10 0.1 0.16 1 8
 30 10 0.1 0.16 1 13
 30 10 0.1 0.16 1 18
 30 10 0.1 0.16 1 23
 30 10 0.1 0.16 1 100
 30 10 0.15 0.01 1 3
 30 10 0.15 0.01 1 8
 30 10 0.15 0.01 1 13
 30 10 0.15 0.01 1 18
 30 10 0.15 0.01 1 23
 30 10 0.15 0.01 1 100
 30 10 0.15 0.06 1 3
 30 10 0.15 0.06 1 8
 30 10 0.15 0.06 1 13
 30 10 0.15 0.06 1 18
 30 10 0.15 0.06 1 23
 30 10 0.15 0.06 1 100
 30 10 0.15 0.11 1 3
 30 10 0.15 0.11 1 8
 30 10 0.15 0.11 1 13
 30 10 0.15 0.11 1 18
 30 10 0.15 0.11 1 23
 30 10 0.15 0.11 1 100
 30 10 0.15 0.16 1 3
 30 10 0.15 0.16 1 8
 30 10 0.15 0.16 1 13
 30 10 0.15 0.16 1 18
 30 10 0.15 0.16 1 23
 30 10 0.15 0.16 1 100
 30 10 0.2 0.01 1 3
 30 10 0.2 0.01 1 8
 30 10 0.2 0.01 1 13
 30 10 0.2 0.01 1 18
 30 10 0.2 0.01 1 23
 30 10 0.2 0.01 1 100
 30 10 0.2 0.06 1 3
 30 10 0.2 0.06 1 8
 30 10 0.2 0.06 1 13
 30 10 0.2 0.06 1 18
 30 10 0.2 0.06 1 23
 30 10 0.2 0.06 1 100
 30 10 0.2 0.11 1 3
 30 10 0.2 0.11 1 8
 30 10 0.2 0.11 1 13
 30 10 0.2 0.11 1 18
 30 10 0.2 0.11 1 23
 30 10 0.2 0.11 1 100
 30 10 0.2 0.16 1 3
 30 10 0.2 0.16 1 8
 30 10 0.2 0.16 1 13
 30 10 0.2 0.16 1 18
 30 10 0.2 0.16 1 23
 30 10 0.2 0.16 1 100
 30 15 0.1 0.01 1 3
 30 15 0.1 0.01 1 8
 30 15 0.1 0.01 1 13
 30 15 0.1 0.01 1 18
 30 15 0.1 0.01 1 23
 30 15 0.1 0.01 1 100
 30 15 0.1 0.06 1 3
 30 15 0.1 0.06 1 8
 30 15 0.1 0.06 1 13
 30 15 0.1 0.06 1 18
 30 15 0.1 0.06 1 23
 30 15 0.1 0.06 1 100
 30 15 0.1 0.11 1 3
 30 15 0.1 0.11 1 8
 30 15 0.1 0.11 1 13
 30 15 0.1 0.11 1 18
 30 15 0.1 0.11 1 23
 30 15 0.1 0.11 1 100
 30 15 0.1 0.16 1 3
 30 15 0.1 0.16 1 8
 30 15 0.1 0.16 1 13
 30 15 0.1 0.16 1 18
 30 15 0.1 0.16 1 23
 30 15 0.1 0.16 1 100
 30 15 0.15 0.01 1 3
 30 15 0.15 0.01 1 8
 30 15 0.15 0.01 1 13
 30 15 0.15 0.01 1 18
 30 15 0.15 0.01 1 23
 30 15 0.15 0.01 1 100
 30 15 0.15 0.06 1 3
 30 15 0.15 0.06 1 8
 30 15 0.15 0.06 1 13
 30 15 0.15 0.06 1 18
 30 15 0.15 0.06 1 23
 30 15 0.15 0.06 1 100
 30 15 0.15 0.11 1 3
 30 15 0.15 0.11 1 8
 30 15 0.15 0.11 1 13
 30 15 0.15 0.11 1 18
 30 15 0.15 0.11 1 23
 30 15 0.15 0.11 1 100
 30 15 0.15 0.16 1 3
 30 15 0.15 0.16 1 8
 30 15 0.15 0.16 1 13
 30 15 0.15 0.16 1 18
 30 15 0.15 0.16 1 23
 30 15 0.15 0.16 1 100
 30 15 0.2 0.01 1 3
 30 15 0.2 0.01 1 8
 30 15 0.2 0.01 1 13
 30 15 0.2 0.01 1 18
 30 15 0.2 0.01 1 23
 30 15 0.2 0.01 1 100
 30 15 0.2 0.06 1 3
 30 15 0.2 0.06 1 8
 30 15 0.2 0.06 1 13
 30 15 0.2 0.06 1 18
 30 15 0.2 0.06 1 23
 30 15 0.2 0.06 1 100
 30 15 0.2 0.11 1 3
 30 15 0.2 0.11 1 8
 30 15 0.2 0.11 1 13
 30 15 0.2 0.11 1 18
 30 15 0.2 0.11 1 23
 30 15 0.2 0.11 1 100
 30 15 0.2 0.16 1 3
 30 15 0.2 0.16 1 8
 30 15 0.2 0.16 1 13
 30 15 0.2 0.16 1 18
 30 15 0.2 0.16 1 23
 30 15 0.2 0.16 1 100
 30 20 0.1 0.01 1 3
 30 20 0.1 0.01 1 8
 30 20 0.1 0.01 1 13
 30 20 0.1 0.01 1 18
 30 20 0.1 0.01 1 23
 30 20 0.1 0.01 1 100
 30 20 0.1 0.06 1 3
 30 20 0.1 0.06 1 8
 30 20 0.1 0.06 1 13
 30 20 0.1 0.06 1 18
 30 20 0.1 0.06 1 23
 30 20 0.1 0.06 1 100
 30 20 0.1 0.11 1 3
 30 20 0.1 0.11 1 8
 30 20 0.1 0.11 1 13
 30 20 0.1 0.11 1 18
 30 20 0.1 0.11 1 23
 30 20 0.1 0.11 1 100
 30 20 0.1 0.16 1 3
 30 20 0.1 0.16 1 8
 30 20 0.1 0.16 1 13
 30 20 0.1 0.16 1 18
 30 20 0.1 0.16 1 23
 30 20 0.1 0.16 1 100
 30 20 0.15 0.01 1 3
 30 20 0.15 0.01 1 8
 30 20 0.15 0.01 1 13
 30 20 0.15 0.01 1 18
 30 20 0.15 0.01 1 23
 30 20 0.15 0.01 1 100
 30 20 0.15 0.06 1 3
 30 20 0.15 0.06 1 8
 30 20 0.15 0.06 1 13
 30 20 0.15 0.06 1 18
 30 20 0.15 0.06 1 23
 30 20 0.15 0.06 1 100
 30 20 0.15 0.11 1 3
 30 20 0.15 0.11 1 8
 30 20 0.15 0.11 1 13
 30 20 0.15 0.11 1 18
 30 20 0.15 0.11 1 23
 30 20 0.15 0.11 1 100
 30 20 0.15 0.16 1 3
 30 20 0.15 0.16 1 8
 30 20 0.15 0.16 1 13
 30 20 0.15 0.16 1 18
 30 20 0.15 0.16 1 23
 30 20 0.15 0.16 1 100
 30 20 0.2 0.01 1 3
 30 20 0.2 0.01 1 8
 30 20 0.2 0.01 1 13
 30 20 0.2 0.01 1 18
 30 20 0.2 0.01 1 23
 30 20 0.2 0.01 1 100
 30 20 0.2 0.06 1 3
 30 20 0.2 0.06 1 8
 30 20 0.2 0.06 1 13
 30 20 0.2 0.06 1 18
 30 20 0.2 0.06 1 23
 30 20 0.2 0.06 1 100
 30 20 0.2 0.11 1 3
 30 20 0.2 0.11 1 8
 30 20 0.2 0.11 1 13
 30 20 0.2 0.11 1 18
 30 20 0.2 0.11 1 23
 30 20 0.2 0.11 1 100
 30 20 0.2 0.16 1 3
 30 20 0.2 0.16 1 8
 30 20 0.2 0.16 1 13
 30 20 0.2 0.16 1 18
 30 20 0.2 0.16 1 23
 30 20 0.2 0.16 1 100
 30 25 0.1 0.01 1 3
 30 25 0.1 0.01 1 8
 30 25 0.1 0.01 1 13
 30 25 0.1 0.01 1 18
 30 25 0.1 0.01 1 23
 30 25 0.1 0.01 1 100
 30 25 0.1 0.06 1 3
 30 25 0.1 0.06 1 8
 30 25 0.1 0.06 1 13
 30 25 0.1 0.06 1 18
 30 25 0.1 0.06 1 23
 30 25 0.1 0.06 1 100
 30 25 0.1 0.11 1 3
 30 25 0.1 0.11 1 8
 30 25 0.1 0.11 1 13
 30 25 0.1 0.11 1 18
 30 25 0.1 0.11 1 23
 30 25 0.1 0.11 1 100
 30 25 0.1 0.16 1 3
 30 25 0.1 0.16 1 8
 30 25 0.1 0.16 1 13
 30 25 0.1 0.16 1 18
 30 25 0.1 0.16 1 23
 30 25 0.1 0.16 1 100
 30 25 0.15 0.01 1 3
 30 25 0.15 0.01 1 8
 30 25 0.15 0.01 1 13
 30 25 0.15 0.01 1 18
 30 25 0.15 0.01 1 23
 30 25 0.15 0.01 1 100
 30 25 0.15 0.06 1 3
 30 25 0.15 0.06 1 8
 30 25 0.15 0.06 1 13
 30 25 0.15 0.06 1 18
 30 25 0.15 0.06 1 23
 30 25 0.15 0.06 1 100
 30 25 0.15 0.11 1 3
 30 25 0.15 0.11 1 8
 30 25 0.15 0.11 1 13
 30 25 0.15 0.11 1 18
 30 25 0.15 0.11 1 23
 30 25 0.15 0.11 1 100
 30 25 0.15 0.16 1 3
 30 25 0.15 0.16 1 8
 30 25 0.15 0.16 1 13
 30 25 0.15 0.16 1 18
 30 25 0.15 0.16 1 23
 30 25 0.15 0.16 1 100
 30 25 0.2 0.01 1 3
 30 25 0.2 0.01 1 8
 30 25 0.2 0.01 1 13
 30 25 0.2 0.01 1 18
 30 25 0.2 0.01 1 23
 30 25 0.2 0.01 1 100
 30 25 0.2 0.06 1 3
 30 25 0.2 0.06 1 8
 30 25 0.2 0.06 1 13
 30 25 0.2 0.06 1 18
 30 25 0.2 0.06 1 23
 30 25 0.2 0.06 1 100
 30 25 0.2 0.11 1 3
 30 25 0.2 0.11 1 8
 30 25 0.2 0.11 1 13
 30 25 0.2 0.11 1 18
 30 25 0.2 0.11 1 23
 30 25 0.2 0.11 1 100
 30 25 0.2 0.16 1 3
 30 25 0.2 0.16 1 8
 30 25 0.2 0.16 1 13
 30 25 0.2 0.16 1 18
 30 25 0.2 0.16 1 23
 30 25 0.2 0.16 1 100
 30 30 0.1 0.01 1 3
 30 30 0.1 0.01 1 8
 30 30 0.1 0.01 1 13
 30 30 0.1 0.01 1 18
 30 30 0.1 0.01 1 23
 30 30 0.1 0.01 1 100
 30 30 0.1 0.06 1 3
 30 30 0.1 0.06 1 8
 30 30 0.1 0.06 1 13
 30 30 0.1 0.06 1 18
 30 30 0.1 0.06 1 23
 30 30 0.1 0.06 1 100
 30 30 0.1 0.11 1 3
 30 30 0.1 0.11 1 8
 30 30 0.1 0.11 1 13
 30 30 0.1 0.11 1 18
 30 30 0.1 0.11 1 23
 30 30 0.1 0.11 1 100
 30 30 0.1 0.16 1 3
 30 30 0.1 0.16 1 8
 30 30 0.1 0.16 1 13
 30 30 0.1 0.16 1 18
 30 30 0.1 0.16 1 23
 30 30 0.1 0.16 1 100
 30 30 0.15 0.01 1 3
 30 30 0.15 0.01 1 8
 30 30 0.15 0.01 1 13
 30 30 0.15 0.01 1 18
 30 30 0.15 0.01 1 23
 30 30 0.15 0.01 1 100
 30 30 0.15 0.06 1 3
 30 30 0.15 0.06 1 8
 30 30 0.15 0.06 1 13
 30 30 0.15 0.06 1 18
 30 30 0.15 0.06 1 23
 30 30 0.15 0.06 1 100
 30 30 0.15 0.11 1 3
 30 30 0.15 0.11 1 8
 30 30 0.15 0.11 1 13
 30 30 0.15 0.11 1 18
 30 30 0.15 0.11 1 23
 30 30 0.15 0.11 1 100
 30 30 0.15 0.16 1 3
 30 30 0.15 0.16 1 8
 30 30 0.15 0.16 1 13
 30 30 0.15 0.16 1 18
 30 30 0.15 0.16 1 23
 30 30 0.15 0.16 1 100
 30 30 0.2 0.01 1 3
 30 30 0.2 0.01 1 8
 30 30 0.2 0.01 1 13
 30 30 0.2 0.01 1 18
 30 30 0.2 0.01 1 23
 30 30 0.2 0.01 1 100
 30 30 0.2 0.06 1 3
 30 30 0.2 0.06 1 8
 30 30 0.2 0.06 1 13
 30 30 0.2 0.06 1 18
 30 30 0.2 0.06 1 23
 30 30 0.2 0.06 1 100
 30 30 0.2 0.11 1 3
 30 30 0.2 0.11 1 8
 30 30 0.2 0.11 1 13
 30 30 0.2 0.11 1 18
 30 30 0.2 0.11 1 23
 30 30 0.2 0.11 1 100
 30 30 0.2 0.16 1 3
 30 30 0.2 0.16 1 8
 30 30 0.2 0.16 1 13
 30 30 0.2 0.16 1 18
 30 30 0.2 0.16 1 23
 30 30 0.2 0.16 1 100


