Weights for connection "LGN to V1", neuron 0
   (nxp,nyp,nfp)   = (5,5,4)
   pre  (nx,ny,nf) = (128,128,1)
   post (nx,ny,nf) = (128,128,4)

0.002 0.007 0.022 0.045 0.067 
0.029 0.077 0.143 0.189 0.177 
0.134 0.225 0.268 0.225 0.134 
0.177 0.189 0.143 0.077 0.029 
0.067 0.045 0.022 0.007 0.002 

0.000 0.000 0.000 0.000 0.000 
0.000 0.000 0.000 0.000 0.000 
0.000 0.000 0.000 0.000 0.000 
0.000 0.000 0.000 0.000 0.000 
0.000 0.000 0.000 0.000 0.000 

0.000 0.000 0.000 0.000 0.000 
0.000 0.000 0.000 0.000 0.000 
0.000 0.000 0.000 0.000 0.000 
0.000 0.000 0.000 0.000 0.000 
0.000 0.000 0.000 0.000 0.000 

0.000 0.000 0.000 0.000 0.000 
0.000 0.000 0.000 0.000 0.000 
0.000 0.000 0.000 0.000 0.000 
0.000 0.000 0.000 0.000 0.000 
0.000 0.000 0.000 0.000 0.000 

----------------------------
