Weights for connection "Retina to L1", neuron 0
   (nxp,nyp,nfp)   = (5,5,4)
   pre  (nx,ny,nf) = (64,64,1)
   post (nx,ny,nf) = (64,64,4)

0.007 0.030 0.087 0.182 0.267 
0.116 0.306 0.572 0.757 0.706 
0.535 0.900 1.071 0.900 0.535 
0.706 0.757 0.572 0.306 0.116 
0.267 0.182 0.087 0.030 0.007 

0.000 0.000 0.000 0.000 0.000 
0.000 0.000 0.000 0.000 0.000 
0.000 0.000 0.000 0.000 0.000 
0.000 0.000 0.000 0.000 0.000 
0.000 0.000 0.000 0.000 0.000 

0.000 0.000 0.000 0.000 0.000 
0.000 0.000 0.000 0.000 0.000 
0.000 0.000 0.000 0.000 0.000 
0.000 0.000 0.000 0.000 0.000 
0.000 0.000 0.000 0.000 0.000 

0.000 0.000 0.000 0.000 0.000 
0.000 0.000 0.000 0.000 0.000 
0.000 0.000 0.000 0.000 0.000 
0.000 0.000 0.000 0.000 0.000 
0.000 0.000 0.000 0.000 0.000 

----------------------------
